1 1 [30.3645,2.0,41.9762,3.0,30.4302,3.0,31.6702,3.0,42.0238,4.0,42.9302,4.0]
1 2 [30.0832,2.0,31.3847,3.0,41.7732,3.0,30.1496,3.0,31.4006,3.0,42.72,4.0,42.72,4.0,41.821,4.0,42.7317,4.0]
1 3 [29.8329,2.0,31.7805,3.0,41.5933,3.0,29.8998,3.0,31.1609,3.0,43.0116,4.0,42.45,4.0,41.6413,4.0,42.5558,4.0]
1 4 [29.6142,2.0,32.2025,3.0,41.4367,3.0,29.6816,3.0,30.9516,3.0,43.3244,4.0,42.2019,4.0,41.4849,4.0,42.4028,4.0]
1 5 [29.4279,2.0,32.6497,3.0,41.3038,3.0,29.4958,3.0,30.7734,3.0,43.6578,4.0,41.9762,4.0,41.3521,4.0,42.2729,4.0]
1 6 [29.2746,2.0,33.121,3.0,41.1947,3.0,29.3428,3.0,30.6268,3.0,44.0114,4.0,41.7732,4.0,41.2432,4.0,42.1663,4.0]
1 7 [29.1548,2.0,33.6155,3.0,41.1096,3.0,29.2233,3.0,30.5123,3.0,44.3847,4.0,41.5933,4.0,41.1582,4.0,42.0833,4.0]
1 8 [29.0689,2.0,34.1321,3.0,41.0488,3.0,29.1376,3.0,30.4302,3.0,44.7772,4.0,41.4367,4.0,41.0974,4.0,42.0238,4.0]
1 9 [29.0172,2.0,34.6699,3.0,41.0122,3.0,29.0861,3.0,30.3809,3.0,45.1885,4.0,41.0609,4.0,41.9881,4.0]
1 10 [29.0,2.0,35.2278,3.0,41.0,3.0,29.0689,3.0,30.3645,3.0,45.618,4.0,41.0488,4.0,41.9762,4.0]
1 11 [29.0172,2.0,35.805,3.0,41.0122,3.0,29.0861,3.0,30.3809,3.0,46.0652,4.0,41.0609,4.0,41.9881,4.0]
1 12 [29.0689,2.0,36.4005,3.0,41.0488,3.0,29.1376,3.0,30.4302,3.0,46.5296,4.0,41.0974,4.0,42.0238,4.0]
1 13 [29.1548,2.0,37.0135,3.0,41.1096,3.0,29.2233,3.0,30.5123,3.0,47.0106,4.0,41.1582,4.0,42.0833,4.0]
1 14 [29.2746,2.0,37.6431,3.0,41.1947,3.0,29.3428,3.0,30.6268,3.0,47.5079,4.0,41.2432,4.0,42.1663,4.0]
1 15 [29.4279,2.0,38.2884,3.0,41.3038,3.0,29.4958,3.0,30.7734,3.0,48.0208,4.0,41.3521,4.0,42.2729,4.0,41.0122,4.0]
1 16 [29.6142,2.0,38.9487,3.0,29.6816,3.0,30.9516,3.0,48.5489,4.0,41.7253,4.0]
1 17 [29.8329,2.0,39.6232,3.0,29.8998,3.0,31.1609,3.0,49.0918,4.0,42.45,4.0]
1 18 [30.0832,2.0,40.3113,3.0,30.1496,3.0,31.4006,3.0,49.6488,4.0,43.1856,4.0]
2 1 [29.4109,2.0,41.0,3.0,29.4788,3.0,30.7571,3.0,41.0488,4.0,41.9762,4.0]
2 2 [29.1204,2.0,30.4631,3.0,40.7922,3.0,29.189,3.0,30.4795,3.0,41.7612,4.0,40.8412,4.0,41.7732,4.0]
2 3 [28.8617,2.0,30.8707,3.0,40.6079,3.0,28.931,3.0,30.2324,3.0,42.0595,4.0,41.4849,4.0,40.6571,4.0,41.5933,4.0]
2 4 [28.6356,2.0,31.305,3.0,40.4475,3.0,28.7054,3.0,30.0167,3.0,42.3792,4.0,41.2311,4.0,40.4969,4.0,41.4367,4.0]
2 5 [28.4429,2.0,31.7648,3.0,40.3113,3.0,28.5132,3.0,29.8329,3.0,42.72,4.0,41.0,4.0,40.3609,4.0,41.3038,4.0]
2 6 [28.2843,2.0,32.249,3.0,40.1995,3.0,28.3549,3.0,29.6816,3.0,43.0813,4.0,40.7922,4.0,40.2492,4.0,41.1947,4.0]
2 7 [28.1603,2.0,32.7567,3.0,40.1123,3.0,28.2312,3.0,29.5635,3.0,43.4626,4.0,40.6079,4.0,40.1622,4.0,41.1096,4.0]
2 8 [28.0713,2.0,33.2866,3.0,40.05,3.0,28.1425,3.0,29.4788,3.0,43.8634,4.0,40.4475,4.0,40.0999,4.0,41.0488,4.0]
2 9 [28.0179,2.0,33.8378,3.0,40.0125,3.0,28.0891,3.0,29.4279,3.0,44.2832,4.0,40.0625,4.0,41.0122,4.0]
2 10 [28.0,2.0,34.4093,3.0,40.0,3.0,28.0713,3.0,29.4109,3.0,44.7214,4.0,40.05,4.0,41.0,4.0]
2 11 [28.0179,2.0,35.0,3.0,40.0125,3.0,28.0891,3.0,29.4279,3.0,45.1774,4.0,40.0625,4.0,41.0122,4.0]
2 12 [28.0713,2.0,35.609,3.0,40.05,3.0,28.1425,3.0,29.4788,3.0,45.6508,4.0,40.0999,4.0,41.0488,4.0]
2 13 [28.1603,2.0,36.2353,3.0,40.1123,3.0,28.2312,3.0,29.5635,3.0,46.1411,4.0,40.1622,4.0,41.1096,4.0]
2 14 [28.2843,2.0,36.8782,3.0,40.1995,3.0,28.3549,3.0,29.6816,3.0,46.6476,4.0,40.2492,4.0,41.1947,4.0,39.598,4.0]
2 15 [28.4429,2.0,37.5366,3.0,40.3113,3.0,28.5132,3.0,29.8329,3.0,47.1699,4.0,40.3609,4.0,41.3038,4.0,40.3113,4.0]
2 16 [28.6356,2.0,38.2099,3.0,28.7054,3.0,30.0167,3.0,47.7074,4.0,41.0366,4.0]
2 17 [28.8617,2.0,38.8973,3.0,28.931,3.0,30.2324,3.0,48.2597,4.0,41.7732,4.0]
2 18 [29.1204,2.0,39.598,3.0,29.189,3.0,30.4795,3.0,48.8262,4.0,42.5206,4.0]
3 1 [28.4605,2.0,40.025,3.0,28.5307,3.0,29.8496,3.0,40.0749,4.0,41.0244,4.0]
3 2 [28.1603,2.0,29.5466,3.0,39.8121,3.0,28.2312,3.0,29.5635,3.0,40.8044,4.0,39.8623,4.0,40.8167,4.0]
3 3 [27.8927,2.0,29.9666,3.0,39.6232,3.0,27.9643,3.0,29.3087,3.0,41.1096,4.0,40.5216,4.0,39.6737,4.0,40.6325,4.0]
3 4 [27.6586,2.0,30.4138,3.0,39.4588,3.0,27.7308,3.0,29.0861,3.0,41.4367,4.0,40.2616,4.0,39.5095,4.0,40.4722,4.0]
3 5 [27.4591,2.0,30.8869,3.0,39.3192,3.0,27.5318,3.0,28.8964,3.0,41.7852,4.0,40.025,4.0,39.37,4.0,40.3361,4.0]
3 6 [27.2947,2.0,31.3847,3.0,39.2046,3.0,27.3679,3.0,28.7402,3.0,42.1545,4.0,39.8121,4.0,39.2556,4.0,40.2244,4.0]
3 7 [27.1662,2.0,31.9061,3.0,39.1152,3.0,27.2397,3.0,28.6182,3.0,42.5441,4.0,39.6232,4.0,39.1663,4.0,40.1373,4.0]
3 8 [27.074,2.0,32.45,3.0,39.0512,3.0,27.1477,3.0,28.5307,3.0,42.9535,4.0,39.4588,4.0,39.1024,4.0,40.0749,4.0]
3 9 [27.0185,2.0,33.0151,3.0,39.0128,3.0,27.0924,3.0,28.4781,3.0,43.382,4.0,39.064,4.0,40.0375,4.0]
3 10 [27.0,2.0,33.6006,3.0,39.0,3.0,27.074,3.0,28.4605,3.0,43.8292,4.0,39.0512,4.0,40.025,4.0]
3 11 [27.0185,2.0,34.2053,3.0,39.0128,3.0,27.0924,3.0,28.4781,3.0,44.2945,4.0,39.064,4.0,40.0375,4.0]
3 12 [27.074,2.0,34.8281,3.0,39.0512,3.0,27.1477,3.0,28.5307,3.0,44.7772,4.0,39.1024,4.0,40.0749,4.0]
3 13 [27.1662,2.0,35.4683,3.0,39.1152,3.0,27.2397,3.0,28.6182,3.0,45.2769,4.0,39.1663,4.0,40.1373,4.0,38.1838,4.0]
3 14 [27.2947,2.0,36.1248,3.0,39.2046,3.0,27.3679,3.0,28.7402,3.0,45.793,4.0,39.2556,4.0,40.2244,4.0,38.8973,4.0]
3 15 [27.4591,2.0,36.7967,3.0,39.3192,3.0,27.5318,3.0,28.8964,3.0,46.3249,4.0,39.37,4.0,40.3361,4.0,39.6232,4.0]
3 16 [27.6586,2.0,37.4833,3.0,27.7308,3.0,29.0861,3.0,46.8722,4.0,40.3609,4.0]
3 17 [27.8927,2.0,38.1838,3.0,27.9643,3.0,29.3087,3.0,47.4342,4.0,41.1096,4.0]
3 18 [28.1603,2.0,38.8973,3.0,28.2312,3.0,29.5635,3.0,48.0104,4.0,41.8688,4.0]
4 1 [27.5136,2.0,39.0512,3.0,27.5862,3.0,28.9482,3.0,39.1024,4.0,40.0749,4.0]
4 2 [27.2029,2.0,28.6356,3.0,38.833,3.0,27.2764,3.0,28.6531,3.0,39.8497,4.0,38.8844,4.0,39.8623,4.0]
4 3 [26.9258,2.0,29.0689,3.0,38.6394,3.0,27.0,3.0,28.3901,3.0,40.1622,4.0,39.5601,4.0,38.6911,4.0,39.6737,4.0]
4 4 [26.6833,2.0,29.5296,3.0,38.4708,3.0,26.7582,3.0,28.1603,3.0,40.4969,4.0,39.2938,4.0,38.5227,4.0,39.5095,4.0]
4 5 [26.4764,2.0,30.0167,3.0,38.3275,3.0,26.5518,3.0,27.9643,3.0,40.8534,4.0,39.0512,4.0,38.3797,4.0,39.37,4.0]
4 6 [26.3059,2.0,30.5287,3.0,38.2099,3.0,26.3818,3.0,27.8029,3.0,41.2311,4.0,38.833,4.0,38.2623,4.0,39.2556,4.0]
4 7 [26.1725,2.0,31.0644,3.0,38.1182,3.0,26.2488,3.0,27.6767,3.0,41.6293,4.0,38.6394,4.0,38.1707,4.0,39.1663,4.0]
4 8 [26.0768,2.0,31.6228,3.0,38.0526,3.0,26.1534,3.0,27.5862,3.0,42.0476,4.0,38.4708,4.0,38.1051,4.0,39.1024,4.0]
4 9 [26.0192,2.0,32.2025,3.0,38.0132,3.0,26.096,3.0,27.5318,3.0,42.4853,4.0,38.0657,4.0,39.064,4.0]
4 10 [26.0,2.0,32.8024,3.0,38.0,3.0,26.0768,3.0,27.5136,3.0,42.9418,4.0,38.0526,4.0,39.0512,4.0]
4 11 [26.0192,2.0,33.4215,3.0,38.0132,3.0,26.096,3.0,27.5318,3.0,43.4166,4.0,38.0657,4.0,39.064,4.0]
4 12 [26.0768,2.0,34.0588,3.0,38.0526,3.0,26.1534,3.0,27.5862,3.0,43.909,4.0,38.1051,4.0,39.1024,4.0,36.7696,4.0]
4 13 [26.1725,2.0,34.7131,3.0,38.1182,3.0,26.2488,3.0,27.6767,3.0,44.4185,4.0,38.1707,4.0,39.1663,4.0,37.4833,4.0]
4 14 [26.3059,2.0,35.3836,3.0,38.2099,3.0,26.3818,3.0,27.8029,3.0,44.9444,4.0,38.2623,4.0,39.2556,4.0,38.2099,4.0]
4 15 [26.4764,2.0,36.0694,3.0,38.3275,3.0,26.5518,3.0,27.9643,3.0,45.4863,4.0,38.3797,4.0,39.37,4.0,38.9487,4.0]
4 16 [26.6833,2.0,36.7696,3.0,26.7582,3.0,28.1603,3.0,46.0435,4.0,39.6989,4.0]
4 17 [26.9258,2.0,37.4833,3.0,27.0,3.0,28.3901,3.0,46.6154,4.0,40.4599,4.0]
4 18 [27.2029,2.0,38.2099,3.0,27.2764,3.0,28.6531,3.0,47.2017,4.0,41.2311,4.0]
5 1 [26.5707,2.0,38.0789,3.0,26.6458,3.0,28.0535,3.0,38.1314,4.0,39.128,4.0]
5 2 [26.2488,2.0,27.7308,3.0,37.855,3.0,26.3249,3.0,27.7489,3.0,38.8973,4.0,37.9078,4.0,38.9102,4.0]
5 3 [25.9615,2.0,28.178,3.0,37.6563,3.0,26.0384,3.0,27.4773,3.0,39.2173,4.0,38.6005,4.0,37.7094,4.0,38.7169,4.0]
5 4 [25.7099,2.0,28.6531,3.0,37.4833,3.0,25.7876,3.0,27.2397,3.0,39.5601,4.0,38.3275,4.0,37.5366,4.0,38.5487,4.0]
5 5 [25.4951,2.0,29.1548,3.0,37.3363,3.0,25.5734,3.0,27.037,3.0,39.9249,4.0,38.0789,4.0,37.3898,4.0,38.4057,4.0]
5 6 [25.318,2.0,29.6816,3.0,37.2156,3.0,25.3969,3.0,26.8701,3.0,40.3113,4.0,37.855,4.0,37.2693,4.0,38.2884,4.0]
5 7 [25.1794,2.0,30.2324,3.0,37.1214,3.0,25.2587,3.0,26.7395,3.0,40.7185,4.0,37.6563,4.0,37.1753,4.0,38.1969,4.0]
5 8 [25.0799,2.0,30.8058,3.0,37.054,3.0,25.1595,3.0,26.6458,3.0,41.1461,4.0,37.4833,4.0,37.108,4.0,38.1314,4.0]
5 9 [25.02,2.0,31.4006,3.0,37.0135,3.0,25.0998,3.0,26.5895,3.0,41.5933,4.0,37.0675,4.0,38.092,4.0]
5 10 [25.0,2.0,32.0156,3.0,37.0,3.0,25.0799,3.0,26.5707,3.0,42.0595,4.0,37.054,4.0,38.0789,4.0]
5 11 [25.02,2.0,32.6497,3.0,37.0135,3.0,25.0998,3.0,26.5895,3.0,42.5441,4.0,37.0675,4.0,38.092,4.0,35.3553,4.0]
5 12 [25.0799,2.0,33.3017,3.0,37.054,3.0,25.1595,3.0,26.6458,3.0,43.0465,4.0,37.108,4.0,38.1314,4.0,36.0694,4.0]
5 13 [25.1794,2.0,33.9706,3.0,37.1214,3.0,25.2587,3.0,26.7395,3.0,43.566,4.0,37.1753,4.0,38.1969,4.0,36.7967,4.0]
5 14 [25.318,2.0,34.6554,3.0,37.2156,3.0,25.3969,3.0,26.8701,3.0,44.1022,4.0,37.2693,4.0,38.2884,4.0,37.5366,4.0]
5 15 [25.4951,2.0,35.3553,3.0,37.3363,3.0,25.5734,3.0,27.037,3.0,44.6542,4.0,37.3898,4.0,38.4057,4.0,38.2884,4.0]
5 16 [25.7099,2.0,36.0694,3.0,25.7876,3.0,27.2397,3.0,45.2217,4.0,39.0512,4.0]
5 17 [25.9615,2.0,36.7967,3.0,26.0384,3.0,27.4773,3.0,45.8039,4.0,39.8246,4.0]
5 18 [26.2488,2.0,37.5366,3.0,26.3249,3.0,27.7489,3.0,46.4004,4.0,40.6079,4.0]
6 1 [25.632,2.0,37.108,3.0,25.7099,3.0,27.1662,3.0,37.1618,4.0,38.1838,4.0]
6 2 [25.2982,2.0,26.8328,3.0,36.8782,3.0,25.3772,3.0,26.8514,3.0,37.9473,4.0,36.9324,4.0,37.9605,4.0]
6 3 [25.0,2.0,27.2947,3.0,36.6742,3.0,25.0799,3.0,26.5707,3.0,38.2753,4.0,36.7287,4.0,37.7624,4.0]
6 4 [24.7386,2.0,27.7849,3.0,36.4966,3.0,24.8193,3.0,26.3249,3.0,38.6264,4.0,37.3631,4.0,36.5513,4.0,37.5899,4.0]
6 5 [24.5153,2.0,28.3019,3.0,36.3456,3.0,24.5967,3.0,26.1151,3.0,39.0,4.0,37.108,4.0,36.4005,4.0,37.4433,4.0]
6 6 [24.3311,2.0,28.8444,3.0,36.2215,3.0,24.4131,3.0,25.9422,3.0,39.3954,4.0,36.8782,4.0,36.2767,4.0,37.3229,4.0]
6 7 [24.1868,2.0,29.4109,3.0,36.1248,3.0,24.2693,3.0,25.807,3.0,39.8121,4.0,36.6742,4.0,36.1801,4.0,37.229,4.0]
6 8 [24.0832,2.0,30.0,3.0,36.0555,3.0,24.1661,3.0,25.7099,3.0,40.2492,4.0,36.4966,4.0,36.1109,4.0,37.1618,4.0]
6 9 [24.0208,2.0,30.6105,3.0,36.0139,3.0,24.1039,3.0,25.6515,3.0,40.7063,4.0,36.0694,4.0,37.1214,4.0]
6 10 [24.0,2.0,31.241,3.0,36.0,3.0,24.0832,3.0,25.632,3.0,41.1825,4.0,36.0555,4.0,37.108,4.0,33.9411,4.0]
6 11 [24.0208,2.0,31.8904,3.0,36.0139,3.0,24.1039,3.0,25.6515,3.0,41.6773,4.0,36.0694,4.0,37.1214,4.0,34.6554,4.0]
6 12 [24.0832,2.0,32.5576,3.0,36.0555,3.0,24.1661,3.0,25.7099,3.0,42.19,4.0,36.1109,4.0,37.1618,4.0,35.3836,4.0]
6 13 [24.1868,2.0,33.2415,3.0,36.1248,3.0,24.2693,3.0,25.807,3.0,42.72,4.0,36.1801,4.0,37.229,4.0,36.1248,4.0]
6 14 [24.3311,2.0,33.9411,3.0,36.2215,3.0,24.4131,3.0,25.9422,3.0,43.2666,4.0,36.2767,4.0,37.3229,4.0,36.8782,4.0]
6 15 [24.5153,2.0,34.6554,3.0,36.3456,3.0,24.5967,3.0,26.1151,3.0,43.8292,4.0,36.4005,4.0,37.4433,4.0,37.6431,4.0]
6 16 [24.7386,2.0,35.3836,3.0,24.8193,3.0,26.3249,3.0,44.4072,4.0,38.4187,4.0]
6 17 [25.0,2.0,36.1248,3.0,25.0799,3.0,26.5707,3.0,45.0,4.0,39.2046,4.0]
6 18 [25.2982,2.0,36.8782,3.0,25.3772,3.0,26.8514,3.0,45.607,4.0,40.0,4.0]
7 1 [24.6982,2.0,36.1386,3.0,24.779,3.0,26.2869,3.0,36.1939,4.0,37.2424,4.0,37.3363,4.0]
7 2 [24.3516,2.0,25.9422,3.0,35.9026,3.0,24.4336,3.0,25.9615,3.0,37.0,4.0,35.9583,4.0,37.0135,4.0]
7 3 [24.0416,2.0,26.4197,3.0,35.6931,3.0,24.1247,3.0,25.671,3.0,37.3363,4.0,35.7491,4.0,36.8103,4.0]
7 4 [23.7697,2.0,26.9258,3.0,35.5106,3.0,23.8537,3.0,25.4165,3.0,37.6962,4.0,36.4005,4.0,35.5668,4.0,36.6333,4.0]
7 5 [23.5372,2.0,27.4591,3.0,35.3553,3.0,23.622,3.0,25.1992,3.0,38.0789,4.0,36.1386,4.0,35.4119,4.0,36.4829,4.0]
7 6 [23.3452,2.0,28.0179,3.0,35.2278,3.0,23.4307,3.0,25.02,3.0,38.4838,4.0,35.9026,4.0,35.2846,4.0,36.3593,4.0]
7 7 [23.1948,2.0,28.6007,3.0,35.1283,3.0,23.2809,3.0,24.8797,3.0,38.9102,4.0,35.6931,4.0,35.1852,4.0,36.2629,4.0]
7 8 [23.0868,2.0,29.2062,3.0,35.0571,3.0,23.1733,3.0,24.779,3.0,39.3573,4.0,35.5106,4.0,35.1141,4.0,36.1939,4.0]
7 9 [23.0217,2.0,29.8329,3.0,35.0143,3.0,23.1084,3.0,24.7184,3.0,39.8246,4.0,35.3553,4.0,35.0714,4.0,36.1525,4.0,32.5269,4.0]
7 10 [23.0,2.0,30.4795,3.0,35.0,3.0,23.0868,3.0,24.6982,3.0,40.3113,4.0,35.0571,4.0,36.1386,4.0,33.2415,4.0]
7 11 [23.0217,2.0,31.1448,3.0,35.0143,3.0,23.1084,3.0,24.7184,3.0,40.8167,4.0,35.0714,4.0,36.1525,4.0,33.9706,4.0]
7 12 [23.0868,2.0,31.8277,3.0,35.0571,3.0,23.1733,3.0,24.779,3.0,41.3401,4.0,35.1141,4.0,36.1939,4.0,34.7131,4.0]
7 13 [23.1948,2.0,32.5269,3.0,35.1283,3.0,23.2809,3.0,24.8797,3.0,41.8808,4.0,35.1852,4.0,36.2629,4.0,35.4683,4.0]
7 14 [23.3452,2.0,33.2415,3.0,35.2278,3.0,23.4307,3.0,25.02,3.0,42.4382,4.0,35.2846,4.0,36.3593,4.0,36.2353,4.0]
7 15 [23.5372,2.0,33.9706,3.0,23.622,3.0,25.1992,3.0,43.0116,4.0,37.0135,4.0]
7 16 [23.7697,2.0,34.7131,3.0,23.8537,3.0,25.4165,3.0,43.6005,4.0,37.8021,4.0]
7 17 [24.0416,2.0,35.4683,3.0,24.1247,3.0,25.671,3.0,44.2041,4.0,38.6005,4.0]
7 18 [24.3516,2.0,36.2353,3.0,24.4336,3.0,25.9615,3.0,44.8219,4.0,39.4081,4.0]
8 1 [23.7697,2.0,35.171,3.0,23.8537,3.0,25.4165,3.0,35.2278,4.0,36.3043,4.0,36.4005,4.0]
8 2 [23.4094,2.0,25.0599,3.0,34.9285,3.0,23.4947,3.0,25.0799,3.0,36.0555,4.0,34.9857,4.0,36.0694,4.0]
8 3 [23.0868,2.0,25.5539,3.0,34.7131,3.0,23.1733,3.0,24.779,3.0,36.4005,4.0,34.7707,4.0,35.8608,4.0]
8 4 [22.8035,2.0,26.0768,3.0,34.5254,3.0,22.891,3.0,24.5153,3.0,36.7696,4.0,35.4401,4.0,34.5832,4.0,35.6791,4.0]
8 5 [22.561,2.0,26.6271,3.0,34.3657,3.0,22.6495,3.0,24.2899,3.0,37.1618,4.0,35.171,4.0,34.4238,4.0,35.5246,4.0]
8 6 [22.3607,2.0,27.2029,3.0,34.2345,3.0,22.4499,3.0,24.1039,3.0,37.5766,4.0,34.9285,4.0,34.2929,4.0,35.3977,4.0]
8 7 [22.2036,2.0,27.8029,3.0,34.1321,3.0,22.2935,3.0,23.9583,3.0,38.0132,4.0,34.7131,4.0,34.1906,4.0,35.2987,4.0]
8 8 [22.0907,2.0,28.4253,3.0,34.0588,3.0,22.1811,3.0,23.8537,3.0,38.4708,4.0,34.5254,4.0,34.1174,4.0,35.2278,4.0,31.1127,4.0]
8 9 [22.0227,2.0,29.0689,3.0,34.0147,3.0,22.1133,3.0,23.7908,3.0,38.9487,4.0,34.3657,4.0,34.0735,4.0,35.1852,4.0,31.8277,4.0]
8 10 [22.0,2.0,29.7321,3.0,34.0,3.0,22.0907,3.0,23.7697,3.0,39.4462,4.0,34.0588,4.0,35.171,4.0,32.5576,4.0]
8 11 [22.0227,2.0,30.4138,3.0,34.0147,3.0,22.1133,3.0,23.7908,3.0,39.9625,4.0,34.0735,4.0,35.1852,4.0,33.3017,4.0]
8 12 [22.0907,2.0,31.1127,3.0,34.0588,3.0,22.1811,3.0,23.8537,3.0,40.4969,4.0,34.1174,4.0,35.2278,4.0,34.0588,4.0]
8 13 [22.2036,2.0,31.8277,3.0,34.1321,3.0,22.2935,3.0,23.9583,3.0,41.0488,4.0,34.1906,4.0,35.2987,4.0,34.8281,4.0]
8 14 [22.3607,2.0,32.5576,3.0,34.2345,3.0,22.4499,3.0,24.1039,3.0,41.6173,4.0,34.2929,4.0,35.3977,4.0,35.609,4.0]
8 15 [22.561,2.0,33.3017,3.0,22.6495,3.0,24.2899,3.0,42.2019,4.0,36.4005,4.0]
8 16 [22.8035,2.0,34.0588,3.0,22.891,3.0,24.5153,3.0,42.8019,4.0,37.2022,4.0]
8 17 [23.0868,2.0,34.8281,3.0,23.1733,3.0,24.779,3.0,43.4166,4.0,38.0132,4.0]
8 18 [23.4094,2.0,35.609,3.0,23.4947,3.0,25.0799,3.0,44.0454,4.0,38.833,4.0]
9 1 [22.8473,2.0,34.2053,3.0,22.9347,3.0,24.5561,3.0,34.2637,4.0,35.3695,4.0,35.4683,4.0]
9 2 [22.4722,2.0,24.1868,3.0,33.9559,3.0,22.561,3.0,24.2074,3.0,35.1141,4.0,34.0147,4.0,35.1283,4.0]
9 3 [22.1359,2.0,24.6982,3.0,33.7343,3.0,22.2261,3.0,23.8956,3.0,35.4683,4.0,33.7935,4.0,34.9142,4.0]
9 4 [21.8403,2.0,25.2389,3.0,33.541,3.0,21.9317,3.0,23.622,3.0,35.8469,4.0,33.6006,4.0,34.7275,4.0]
9 5 [21.587,2.0,25.807,3.0,33.3766,3.0,21.6795,3.0,23.388,3.0,36.2491,4.0,34.2053,4.0,33.4365,4.0,34.5688,4.0]
9 6 [21.3776,2.0,26.4008,3.0,33.2415,3.0,21.4709,3.0,23.1948,3.0,36.6742,4.0,33.9559,4.0,33.3017,4.0,34.4384,4.0]
9 7 [21.2132,2.0,27.0185,3.0,33.1361,3.0,21.3073,3.0,23.0434,3.0,37.1214,4.0,33.7343,4.0,33.1964,4.0,34.3366,4.0,29.6985,4.0]
9 8 [21.095,2.0,27.6586,3.0,33.0606,3.0,21.1896,3.0,22.9347,3.0,37.5899,4.0,33.541,4.0,33.121,4.0,34.2637,4.0,30.4138,4.0]
9 9 [21.0238,2.0,28.3196,3.0,33.0151,3.0,21.1187,3.0,22.8692,3.0,38.0789,4.0,33.3766,4.0,33.0757,4.0,34.2199,4.0,31.1448,4.0]
9 10 [21.0,2.0,29.0,3.0,33.0,3.0,21.095,3.0,22.8473,3.0,38.5876,4.0,33.0606,4.0,34.2053,4.0,31.8904,4.0]
9 11 [21.0238,2.0,29.6985,3.0,33.0151,3.0,21.1187,3.0,22.8692,3.0,39.1152,4.0,33.0757,4.0,34.2199,4.0,32.6497,4.0]
9 12 [21.095,2.0,30.4138,3.0,33.0606,3.0,21.1896,3.0,22.9347,3.0,39.6611,4.0,33.121,4.0,34.2637,4.0,33.4215,4.0]
9 13 [21.2132,2.0,31.1448,3.0,33.1361,3.0,21.3073,3.0,23.0434,3.0,40.2244,4.0,33.1964,4.0,34.3366,4.0,34.2053,4.0]
9 14 [21.3776,2.0,31.8904,3.0,33.2415,3.0,21.4709,3.0,23.1948,3.0,40.8044,4.0,33.3017,4.0,34.4384,4.0,35.0,4.0]
9 15 [21.587,2.0,32.6497,3.0,21.6795,3.0,23.388,3.0,41.4005,4.0,35.805,4.0]
9 16 [21.8403,2.0,33.4215,3.0,21.9317,3.0,23.622,3.0,42.0119,4.0,36.6197,4.0]
9 17 [22.1359,2.0,34.2053,3.0,22.2261,3.0,23.8956,3.0,42.638,4.0,37.4433,4.0]
9 18 [22.4722,2.0,35.0,3.0,22.561,3.0,24.2074,3.0,43.2782,4.0,38.2753,4.0]
10 1 [21.9317,2.0,33.2415,3.0,22.0227,3.0,23.7065,3.0,33.3017,4.0,34.4384,4.0,34.5398,4.0]
10 2 [21.5407,2.0,23.3238,3.0,32.9848,3.0,21.6333,3.0,23.3452,3.0,34.176,4.0,33.0454,4.0,34.1906,4.0,34.176,4.0]
10 3 [21.1896,2.0,23.8537,3.0,32.7567,3.0,21.2838,3.0,23.0217,3.0,34.5398,4.0,32.8177,4.0,33.9706,4.0]
10 4 [20.8806,2.0,24.4131,3.0,32.5576,3.0,20.9762,3.0,22.7376,3.0,34.9285,4.0,32.619,4.0,33.7787,4.0]
10 5 [20.6155,2.0,25.0,3.0,32.3883,3.0,20.7123,3.0,22.4944,3.0,35.3412,4.0,33.2415,4.0,32.45,4.0,33.6155,4.0]
10 6 [20.3961,2.0,25.6125,3.0,32.249,3.0,20.4939,3.0,22.2935,3.0,35.7771,4.0,32.9848,4.0,32.311,4.0,33.4813,4.0,28.2843,4.0]
10 7 [20.2237,2.0,26.2488,3.0,32.1403,3.0,20.3224,3.0,22.1359,3.0,36.2353,4.0,32.7567,4.0,32.2025,4.0,33.3766,4.0,29.0,4.0]
10 8 [20.0998,2.0,26.9072,3.0,32.0624,3.0,20.199,3.0,22.0227,3.0,36.7151,4.0,32.5576,4.0,32.1248,4.0,33.3017,4.0,29.7321,4.0]
10 9 [20.025,2.0,27.5862,3.0,32.0156,3.0,20.1246,3.0,21.9545,3.0,37.2156,4.0,32.3883,4.0,32.078,4.0,33.2566,4.0,30.4795,4.0]
10 10 [20.0,2.0,28.2843,3.0,32.0,3.0,20.0998,3.0,21.9317,3.0,37.7359,4.0,32.0624,4.0,33.2415,4.0,31.241,4.0]
10 11 [20.025,2.0,29.0,3.0,32.0156,3.0,20.1246,3.0,21.9545,3.0,38.2753,4.0,32.078,4.0,33.2566,4.0,32.0156,4.0]
10 12 [20.0998,2.0,29.7321,3.0,32.0624,3.0,20.199,3.0,22.0227,3.0,38.833,4.0,32.1248,4.0,33.3017,4.0,32.8024,4.0]
10 13 [20.2237,2.0,30.4795,3.0,32.1403,3.0,20.3224,3.0,22.1359,3.0,39.4081,4.0,32.2025,4.0,33.3766,4.0,33.6006,4.0]
10 14 [20.3961,2.0,31.241,3.0,32.249,3.0,20.4939,3.0,22.2935,3.0,40.0,4.0,32.311,4.0,33.4813,4.0,34.4093,4.0]
10 15 [20.6155,2.0,32.0156,3.0,20.7123,3.0,22.4944,3.0,40.6079,4.0,35.2278,4.0]
10 16 [20.8806,2.0,32.8024,3.0,20.9762,3.0,22.7376,3.0,41.2311,4.0,36.0555,4.0]
10 17 [21.1896,2.0,33.6006,3.0,21.2838,3.0,23.0217,3.0,41.8688,4.0,36.8917,4.0]
10 18 [21.5407,2.0,34.4093,3.0,21.6333,3.0,23.3452,3.0,42.5206,4.0,37.7359,4.0]
11 1 [21.0238,2.0,32.28,3.0,21.1187,3.0,22.8692,3.0,32.3419,4.0,33.5112,4.0,33.6155,4.0]
11 2 [20.6155,2.0,22.4722,3.0,32.0156,3.0,20.7123,3.0,22.4944,3.0,33.2415,4.0,32.078,4.0,33.2566,4.0,33.2415,4.0]
11 3 [20.2485,2.0,23.0217,3.0,31.7805,3.0,20.347,3.0,22.1585,3.0,33.6155,4.0,31.8434,4.0,33.0303,4.0]
11 4 [19.9249,2.0,23.6008,3.0,31.5753,3.0,20.025,3.0,21.8632,3.0,34.0147,4.0,31.6386,4.0,32.8329,4.0]
11 5 [19.6469,2.0,24.2074,3.0,31.4006,3.0,19.7484,3.0,21.6102,3.0,34.4384,4.0,32.28,4.0,31.4643,4.0,32.665,4.0,26.8701,4.0]
11 6 [19.4165,2.0,24.8395,3.0,31.257,3.0,19.5192,3.0,21.4009,3.0,34.8855,4.0,32.0156,4.0,31.3209,4.0,32.5269,4.0,27.5862,4.0]
11 7 [19.2354,2.0,25.4951,3.0,31.1448,3.0,19.3391,3.0,21.2368,3.0,35.3553,4.0,31.7805,4.0,31.209,4.0,32.4191,4.0,28.3196,4.0]
11 8 [19.105,2.0,26.1725,3.0,31.0644,3.0,19.2094,3.0,21.1187,3.0,35.8469,4.0,31.5753,4.0,31.1288,4.0,32.3419,4.0,29.0689,4.0]
11 9 [19.0263,2.0,26.8701,3.0,31.0161,3.0,19.1311,3.0,21.0476,3.0,36.3593,4.0,31.4006,4.0,31.0805,4.0,32.2955,4.0,29.8329,4.0]
11 10 [19.0,2.0,27.5862,3.0,31.0,3.0,19.105,3.0,21.0238,3.0,36.8917,4.0,31.0644,4.0,32.28,4.0,30.6105,4.0]
11 11 [19.0263,2.0,28.3196,3.0,31.0161,3.0,19.1311,3.0,21.0476,3.0,37.4433,4.0,31.0805,4.0,32.2955,4.0,31.4006,4.0]
11 12 [19.105,2.0,29.0689,3.0,31.0644,3.0,19.2094,3.0,21.1187,3.0,38.0132,4.0,31.1288,4.0,32.3419,4.0,32.2025,4.0]
11 13 [19.2354,2.0,29.8329,3.0,31.1448,3.0,19.3391,3.0,21.2368,3.0,38.6005,4.0,31.209,4.0,32.4191,4.0,33.0151,4.0]
11 14 [19.4165,2.0,30.6105,3.0,31.257,3.0,19.5192,3.0,21.4009,3.0,39.2046,4.0,31.3209,4.0,32.5269,4.0,33.8378,4.0]
11 15 [19.6469,2.0,31.4006,3.0,19.7484,3.0,21.6102,3.0,39.8246,4.0,34.6699,4.0]
11 16 [19.9249,2.0,32.2025,3.0,20.025,3.0,21.8632,3.0,40.4599,4.0,35.5106,4.0]
11 17 [20.2485,2.0,33.0151,3.0,20.347,3.0,22.1585,3.0,41.1096,4.0,36.3593,4.0]
11 18 [20.6155,2.0,33.8378,3.0,20.7123,3.0,22.4944,3.0,41.7732,4.0,37.2156,4.0]
12 1 [20.1246,2.0,31.3209,3.0,20.2237,3.0,22.0454,3.0,31.3847,4.0,32.5883,4.0,32.6956,4.0]
12 2 [19.6977,2.0,21.6333,3.0,31.0483,3.0,19.799,3.0,21.6564,3.0,32.311,4.0,31.1127,4.0,32.3265,4.0,32.311,4.0]
12 3 [19.3132,2.0,22.2036,3.0,30.8058,3.0,19.4165,3.0,21.3073,3.0,32.6956,4.0,30.8707,4.0,32.0936,4.0]
12 4 [18.9737,2.0,22.8035,3.0,30.5941,3.0,19.0788,3.0,21.0,3.0,33.1059,4.0,30.6594,4.0,31.8904,4.0,25.4558,4.0]
12 5 [18.6815,2.0,23.4307,3.0,30.4138,3.0,18.7883,3.0,20.7364,3.0,33.541,4.0,31.3209,4.0,30.4795,4.0,31.7175,4.0,26.1725,4.0]
12 6 [18.4391,2.0,24.0832,3.0,30.2655,3.0,18.5472,3.0,20.5183,3.0,34.0,4.0,31.0483,4.0,30.3315,4.0,31.5753,4.0,26.9072,4.0]
12 7 [18.2483,2.0,24.7588,3.0,30.1496,3.0,18.3576,3.0,20.347,3.0,34.4819,4.0,30.8058,4.0,30.2159,4.0,31.4643,4.0,27.6586,4.0]
12 8 [18.1108,2.0,25.4558,3.0,30.0666,3.0,18.2209,3.0,20.2237,3.0,34.9857,4.0,30.5941,4.0,30.133,4.0,31.3847,4.0,28.4253,4.0]
12 9 [18.0278,2.0,26.1725,3.0,30.0167,3.0,18.1384,3.0,20.1494,3.0,35.5106,4.0,30.4138,4.0,30.0832,4.0,31.3369,4.0,29.2062,4.0]
12 10 [18.0,2.0,26.9072,3.0,30.0,3.0,18.1108,3.0,20.1246,3.0,36.0555,4.0,30.0666,4.0,31.3209,4.0,30.0,4.0]
12 11 [18.0278,2.0,27.6586,3.0,30.0167,3.0,18.1384,3.0,20.1494,3.0,36.6197,4.0,30.0832,4.0,31.3369,4.0,30.8058,4.0]
12 12 [18.1108,2.0,28.4253,3.0,30.0666,3.0,18.2209,3.0,20.2237,3.0,37.2022,4.0,30.133,4.0,31.3847,4.0,31.6228,4.0]
12 13 [18.2483,2.0,29.2062,3.0,30.1496,3.0,18.3576,3.0,20.347,3.0,37.8021,4.0,30.2159,4.0,31.4643,4.0,32.45,4.0]
12 14 [18.4391,2.0,30.0,3.0,30.2655,3.0,18.5472,3.0,20.5183,3.0,38.4187,4.0,30.3315,4.0,31.5753,4.0,33.2866,4.0]
12 15 [18.6815,2.0,30.8058,3.0,18.7883,3.0,20.7364,3.0,39.0512,4.0,34.1321,4.0]
12 16 [18.9737,2.0,31.6228,3.0,19.0788,3.0,21.0,3.0,39.6989,4.0,34.9857,4.0]
12 17 [19.3132,2.0,32.45,3.0,19.4165,3.0,21.3073,3.0,40.3609,4.0,35.8469,4.0]
12 18 [19.6977,2.0,33.2866,3.0,19.799,3.0,21.6564,3.0,41.0366,4.0,36.7151,4.0]
13 1 [19.2354,2.0,30.3645,3.0,19.3391,3.0,21.2368,3.0,30.4302,4.0,31.6702,4.0,31.7805,4.0]
13 2 [18.7883,2.0,20.8087,3.0,30.0832,3.0,18.8944,3.0,20.8327,3.0,31.3847,4.0,30.1496,4.0,31.4006,4.0,31.3847,4.0]
13 3 [18.3848,2.0,21.4009,3.0,29.8329,3.0,18.4932,3.0,20.4695,3.0,31.7805,4.0,29.8998,4.0,31.1609,4.0,24.0416,4.0,31.0161,4.0]
13 4 [18.0278,2.0,22.0227,3.0,29.6142,3.0,18.1384,3.0,20.1494,3.0,32.2025,4.0,29.6816,4.0,30.9516,4.0,24.7588,4.0]
13 5 [17.72,2.0,22.6716,3.0,29.4279,3.0,17.8326,3.0,19.8746,3.0,32.6497,4.0,29.4958,4.0,30.7734,4.0,25.4951,4.0]
13 6 [17.4642,2.0,23.3452,3.0,29.2746,3.0,17.5784,3.0,19.6469,3.0,33.121,4.0,30.0832,4.0,29.3428,4.0,30.6268,4.0,26.2488,4.0]
13 7 [17.2627,2.0,24.0416,3.0,29.1548,3.0,17.3781,3.0,19.4679,3.0,33.6155,4.0,29.8329,4.0,29.2233,4.0,30.5123,4.0,27.0185,4.0]
13 8 [17.1172,2.0,24.7588,3.0,29.0689,3.0,17.2337,3.0,19.3391,3.0,34.1321,4.0,29.6142,4.0,29.1376,4.0,30.4302,4.0,27.8029,4.0]
13 9 [17.0294,2.0,25.4951,3.0,29.0172,3.0,17.1464,3.0,19.2614,3.0,34.6699,4.0,29.4279,4.0,29.0861,4.0,30.3809,4.0,28.6007,4.0]
13 10 [17.0,2.0,26.2488,3.0,29.0,3.0,17.1172,3.0,19.2354,3.0,35.2278,4.0,29.0689,4.0,30.3645,4.0,29.4109,4.0]
13 11 [17.0294,2.0,27.0185,3.0,29.0172,3.0,17.1464,3.0,19.2614,3.0,35.805,4.0,29.0861,4.0,30.3809,4.0,30.2324,4.0]
13 12 [17.1172,2.0,27.8029,3.0,29.0689,3.0,17.2337,3.0,19.3391,3.0,36.4005,4.0,29.1376,4.0,30.4302,4.0,31.0644,4.0,22.1133,4.0,23.7908,4.0]
13 13 [17.2627,2.0,28.6007,3.0,29.1548,3.0,17.3781,3.0,19.4679,3.0,37.0135,4.0,29.2233,4.0,30.5123,4.0,31.9061,4.0]
13 14 [17.4642,2.0,29.4109,3.0,29.2746,3.0,17.5784,3.0,19.6469,3.0,37.6431,4.0,29.3428,4.0,30.6268,4.0,32.7567,4.0]
13 15 [17.72,2.0,30.2324,3.0,17.8326,3.0,19.8746,3.0,38.2884,4.0,33.6155,4.0]
13 16 [18.0278,2.0,31.0644,3.0,18.1384,3.0,20.1494,3.0,38.9487,4.0,34.4819,4.0]
13 17 [18.3848,2.0,31.9061,3.0,18.4932,3.0,20.4695,3.0,39.6232,4.0,35.3553,4.0]
13 18 [18.7883,2.0,32.7567,3.0,18.8944,3.0,20.8327,3.0,40.3113,4.0,36.2353,4.0]
14 1 [18.3576,2.0,29.4109,3.0,18.4662,3.0,20.445,3.0,47.7598,4.0,29.4788,4.0,30.7571,4.0,30.8707,4.0]
14 2 [17.8885,2.0,20.0,3.0,29.1204,3.0,18.0,3.0,20.025,3.0,30.4631,4.0,29.189,4.0,30.4795,4.0,22.6274,4.0,30.4631,4.0]
14 3 [17.4642,2.0,20.6155,3.0,28.8617,3.0,17.5784,3.0,19.6469,3.0,30.8707,4.0,28.931,4.0,30.2324,4.0,23.3452,4.0,30.0832,4.0]
14 4 [17.088,2.0,21.2603,3.0,28.6356,3.0,17.2047,3.0,19.3132,3.0,31.305,4.0,28.7054,4.0,30.0167,4.0,24.0832,4.0]
14 5 [16.7631,2.0,21.9317,3.0,28.4429,3.0,16.8819,3.0,19.0263,3.0,31.7648,4.0,28.5132,4.0,29.8329,4.0,24.8395,4.0]
14 6 [16.4924,2.0,22.6274,3.0,28.2843,3.0,16.6132,3.0,18.7883,3.0,32.249,4.0,29.1204,4.0,28.3549,4.0,29.6816,4.0,25.6125,4.0]
14 7 [16.2788,2.0,23.3452,3.0,28.1603,3.0,16.4012,3.0,18.6011,3.0,32.7567,4.0,28.8617,4.0,28.2312,4.0,29.5635,4.0,26.4008,4.0]
14 8 [16.1245,2.0,24.0832,3.0,28.0713,3.0,16.2481,3.0,18.4662,3.0,33.2866,4.0,28.6356,4.0,28.1425,4.0,29.4788,4.0,27.2029,4.0]
14 9 [16.0312,2.0,24.8395,3.0,28.0179,3.0,16.1555,3.0,18.3848,3.0,33.8378,4.0,28.4429,4.0,28.0891,4.0,29.4279,4.0,28.0179,4.0]
14 10 [16.0,2.0,25.6125,3.0,28.0,3.0,16.1245,3.0,18.3576,3.0,34.4093,4.0,28.2843,4.0,28.0713,4.0,29.4109,4.0,28.8444,4.0]
14 11 [16.0312,2.0,26.4008,3.0,28.0179,3.0,16.1555,3.0,18.3848,3.0,35.0,4.0,28.0891,4.0,29.4279,4.0,29.6816,4.0]
14 12 [16.1245,2.0,27.2029,3.0,28.0713,3.0,16.2481,3.0,18.4662,3.0,35.609,4.0,28.1425,4.0,29.4788,4.0,30.5287,4.0,21.3542,4.0,23.0868,4.0]
14 13 [16.2788,2.0,28.0179,3.0,28.1603,3.0,16.4012,3.0,18.6011,3.0,36.2353,4.0,28.2312,4.0,29.5635,4.0,31.3847,4.0,20.7123,4.0,22.4944,4.0]
14 14 [16.4924,2.0,28.8444,3.0,16.6132,3.0,18.7883,3.0,36.8782,4.0,28.3549,4.0,29.6816,4.0,32.249,4.0]
14 15 [16.7631,2.0,29.6816,3.0,16.8819,3.0,19.0263,3.0,37.5366,4.0,33.121,4.0]
14 16 [17.088,2.0,30.5287,3.0,17.2047,3.0,19.3132,3.0,38.2099,4.0,34.0,4.0]
14 17 [17.4642,2.0,31.3847,3.0,17.5784,3.0,19.6469,3.0,38.8973,4.0,34.8855,4.0]
14 18 [17.8885,2.0,32.249,3.0,18.0,3.0,20.025,3.0,39.598,4.0,35.7771,4.0]
15 1 [17.4929,2.0,28.4605,3.0,17.6068,3.0,19.6723,3.0,47.4342,4.0,28.5307,4.0,29.8496,4.0,29.9666,4.0]
15 2 [17.0,2.0,19.2094,3.0,28.1603,3.0,17.1172,3.0,19.2354,3.0,46.4866,4.0,29.5466,4.0,28.2312,4.0,29.5635,4.0,21.9317,4.0,29.5466,4.0]
15 3 [16.5529,2.0,19.8494,3.0,27.8927,3.0,16.6733,3.0,18.8414,3.0,45.5412,4.0,29.9666,4.0,27.9643,4.0,29.3087,4.0,22.6716,4.0,29.1548,4.0]
15 4 [16.1555,2.0,20.5183,3.0,27.6586,3.0,16.2788,3.0,18.4932,3.0,44.5982,4.0,30.4138,4.0,27.7308,4.0,29.0861,4.0,23.4307,4.0]
15 5 [15.8114,2.0,21.2132,3.0,27.4591,3.0,15.9374,3.0,18.1934,3.0,30.8869,4.0,27.5318,4.0,28.8964,4.0,24.2074,4.0]
15 6 [15.5242,2.0,21.9317,3.0,27.2947,3.0,15.6525,3.0,17.9444,3.0,31.3847,4.0,28.1603,4.0,27.3679,4.0,28.7402,4.0,25.0,4.0]
15 7 [15.2971,2.0,22.6716,3.0,27.1662,3.0,15.4272,3.0,17.7482,3.0,31.9061,4.0,27.8927,4.0,27.2397,4.0,28.6182,4.0,25.807,4.0]
15 8 [15.1327,2.0,23.4307,3.0,27.074,3.0,15.2643,3.0,17.6068,3.0,32.45,4.0,27.6586,4.0,27.1477,4.0,28.5307,4.0,26.6271,4.0]
15 9 [15.0333,2.0,24.2074,3.0,27.0185,3.0,15.1658,3.0,17.5214,3.0,33.0151,4.0,27.4591,4.0,27.0924,4.0,28.4781,4.0,27.4591,4.0]
15 10 [15.0,2.0,25.0,3.0,27.0,3.0,15.1327,3.0,17.4929,3.0,33.6006,4.0,27.2947,4.0,27.074,4.0,28.4605,4.0,28.3019,4.0]
15 11 [15.0333,2.0,25.807,3.0,27.0185,3.0,15.1658,3.0,17.5214,3.0,34.2053,4.0,27.0924,4.0,28.4781,4.0,29.1548,4.0]
15 12 [15.1327,2.0,26.6271,3.0,27.074,3.0,15.2643,3.0,17.6068,3.0,34.8281,4.0,27.1477,4.0,28.5307,4.0,30.0167,4.0,20.6155,4.0,22.4054,4.0]
15 13 [15.2971,2.0,27.4591,3.0,27.1662,3.0,15.4272,3.0,17.7482,3.0,35.4683,4.0,27.2397,4.0,28.6182,4.0,30.8869,4.0,19.9499,4.0,21.7945,4.0]
15 14 [15.5242,2.0,28.3019,3.0,15.6525,3.0,17.9444,3.0,36.1248,4.0,31.7648,4.0,19.3132,4.0,21.2132,4.0]
15 15 [15.8114,2.0,29.1548,3.0,15.9374,3.0,18.1934,3.0,36.7967,4.0,32.6497,4.0]
15 16 [16.1555,2.0,30.0167,3.0,16.2788,3.0,18.4932,3.0,37.4833,4.0,33.541,4.0]
15 17 [16.5529,2.0,30.8869,3.0,16.6733,3.0,18.8414,3.0,38.1838,4.0,34.4384,4.0]
15 18 [17.0,2.0,31.7648,3.0,17.1172,3.0,19.2354,3.0,38.8973,4.0,35.3412,4.0]
16 1 [16.6433,2.0,27.5136,3.0,16.7631,3.0,18.9209,3.0,47.1275,4.0,27.5862,4.0,28.9482,4.0,29.0689,4.0]
16 2 [16.1245,2.0,18.4391,3.0,27.2029,3.0,16.2481,3.0,18.4662,3.0,46.1736,4.0,28.6356,4.0,27.2764,4.0,28.6531,4.0,21.2603,4.0,28.6356,4.0]
16 3 [15.6525,2.0,19.105,3.0,26.9258,3.0,15.7797,3.0,18.0555,3.0,45.2217,4.0,29.0689,4.0,27.0,4.0,28.3901,4.0,22.0227,4.0,28.2312,4.0]
16 4 [15.2315,2.0,19.799,3.0,26.6833,3.0,15.3623,3.0,17.6918,3.0,44.2719,4.0,29.5296,4.0,26.7582,4.0,28.1603,4.0,22.8035,4.0,27.8568,4.0]
16 5 [14.8661,2.0,20.5183,3.0,26.4764,3.0,15.0,3.0,17.3781,3.0,43.3244,4.0,30.0167,4.0,26.5518,4.0,27.9643,4.0,23.6008,4.0]
16 6 [14.5602,2.0,21.2603,3.0,26.3059,3.0,14.6969,3.0,17.1172,3.0,42.3792,4.0,30.5287,4.0,26.3818,4.0,27.8029,4.0,24.4131,4.0]
16 7 [14.3178,2.0,22.0227,3.0,26.1725,3.0,14.4568,3.0,16.9115,3.0,31.0644,4.0,26.9258,4.0,26.2488,4.0,27.6767,4.0,25.2389,4.0]
16 8 [14.1421,2.0,22.8035,3.0,26.0768,3.0,14.2829,3.0,16.7631,3.0,31.6228,4.0,26.6833,4.0,26.1534,4.0,27.5862,4.0,26.0768,4.0]
16 9 [14.0357,2.0,23.6008,3.0,26.0192,3.0,14.1774,3.0,16.6733,3.0,32.2025,4.0,26.4764,4.0,26.096,4.0,27.5318,4.0,26.9258,4.0]
16 10 [14.0,2.0,24.4131,3.0,26.0,3.0,14.1421,3.0,16.6433,3.0,32.8024,4.0,26.3059,4.0,26.0768,4.0,27.5136,4.0,27.7849,4.0]
16 11 [14.0357,2.0,25.2389,3.0,26.0192,3.0,14.1774,3.0,16.6733,3.0,33.4215,4.0,26.096,4.0,27.5318,4.0,28.6531,4.0]
16 12 [14.1421,2.0,26.0768,3.0,26.0768,3.0,14.2829,3.0,16.7631,3.0,34.0588,4.0,26.1534,4.0,27.5862,4.0,29.5296,4.0]
16 13 [14.3178,2.0,26.9258,3.0,26.1725,3.0,14.4568,3.0,16.9115,3.0,34.7131,4.0,26.2488,4.0,27.6767,4.0,30.4138,4.0,19.2094,4.0,21.1187,4.0]
16 14 [14.5602,2.0,27.7849,3.0,14.6969,3.0,17.1172,3.0,35.3836,4.0,31.305,4.0,18.5472,4.0,20.5183,4.0]
16 15 [14.8661,2.0,28.6531,3.0,15.0,3.0,17.3781,3.0,36.0694,4.0,32.2025,4.0]
16 16 [15.2315,2.0,29.5296,3.0,15.3623,3.0,17.6918,3.0,36.7696,4.0,33.1059,4.0]
16 17 [15.6525,2.0,30.4138,3.0,15.7797,3.0,18.0555,3.0,37.4833,4.0,34.0147,4.0]
16 18 [16.1245,2.0,31.305,3.0,16.2481,3.0,18.4662,3.0,38.2099,4.0,34.9285,4.0]
17 1 [15.8114,2.0,26.5707,3.0,18.3848,3.0,15.9374,3.0,18.1934,3.0,46.8402,4.0,26.6458,4.0,28.0535,4.0,28.178,4.0,18.4932,4.0,20.4695,4.0]
17 2 [15.2643,2.0,17.6918,3.0,26.2488,3.0,15.3948,3.0,17.72,3.0,45.8803,4.0,27.7308,4.0,26.3249,4.0,27.7489,4.0,20.6155,4.0,27.7308,4.0]
17 3 [14.7648,2.0,18.3848,3.0,25.9615,3.0,14.8997,3.0,17.2916,3.0,44.9222,4.0,28.178,4.0,26.0384,4.0,27.4773,4.0,21.4009,4.0,27.313,4.0]
17 4 [14.3178,2.0,19.105,3.0,25.7099,3.0,14.4568,3.0,16.9115,3.0,43.9659,4.0,28.6531,4.0,25.7876,4.0,27.2397,4.0,22.2036,4.0,26.9258,4.0]
17 5 [13.9284,2.0,19.8494,3.0,25.4951,3.0,14.0712,3.0,16.5831,3.0,43.0116,4.0,29.1548,4.0,25.5734,4.0,27.037,4.0,23.0217,4.0]
17 6 [13.6015,2.0,20.6155,3.0,25.318,3.0,13.7477,3.0,16.3095,3.0,42.0595,4.0,29.6816,4.0,25.3969,4.0,26.8701,4.0,23.8537,4.0]
17 7 [13.3417,2.0,21.4009,3.0,25.1794,3.0,13.4907,3.0,16.0935,3.0,41.1096,4.0,30.2324,4.0,25.9615,4.0,25.2587,4.0,26.7395,4.0,24.6982,4.0]
17 8 [13.1529,2.0,22.2036,3.0,25.0799,3.0,13.3041,3.0,15.9374,3.0,40.1622,4.0,30.8058,4.0,25.7099,4.0,25.1595,4.0,26.6458,4.0,25.5539,4.0]
17 9 [13.0384,2.0,23.0217,3.0,25.02,3.0,13.1909,3.0,15.843,3.0,39.2173,4.0,31.4006,4.0,25.4951,4.0,25.0998,4.0,26.5895,4.0,26.4197,4.0]
17 10 [13.0,2.0,23.8537,3.0,25.0,3.0,13.1529,3.0,15.8114,3.0,32.0156,4.0,25.318,4.0,25.0799,4.0,26.5707,4.0,27.2947,4.0]
17 11 [13.0384,2.0,24.6982,3.0,25.02,3.0,13.1909,3.0,15.843,3.0,32.6497,4.0,25.0998,4.0,26.5895,4.0,28.178,4.0]
17 12 [13.1529,2.0,25.5539,3.0,25.0799,3.0,13.3041,3.0,15.9374,3.0,33.3017,4.0,25.1595,4.0,26.6458,4.0,29.0689,4.0]
17 13 [13.3417,2.0,26.4197,3.0,25.1794,3.0,13.4907,3.0,16.0935,3.0,33.9706,4.0,25.2587,4.0,26.7395,4.0,29.9666,4.0]
17 14 [13.6015,2.0,27.2947,3.0,13.7477,3.0,16.3095,3.0,34.6554,4.0,30.8707,4.0,17.8045,4.0,19.8494,4.0]
17 15 [13.9284,2.0,28.178,3.0,14.0712,3.0,16.5831,3.0,35.3553,4.0,31.7805,4.0,17.1464,4.0,19.2614,4.0]
17 16 [14.3178,2.0,29.0689,3.0,14.4568,3.0,16.9115,3.0,36.0694,4.0,32.6956,4.0]
17 17 [14.7648,2.0,29.9666,3.0,14.8997,3.0,17.2916,3.0,36.7967,4.0,33.6155,4.0]
17 18 [15.2643,2.0,30.8707,3.0,15.3948,3.0,17.72,3.0,37.5366,4.0,34.5398,4.0]
18 1 [15.0,2.0,25.632,3.0,17.6918,3.0,15.1327,3.0,17.4929,3.0,46.5725,4.0,25.7099,4.0,27.1662,4.0,27.2947,4.0,17.8045,4.0,19.8494,4.0]
18 2 [14.4222,2.0,16.9706,3.0,25.2982,3.0,16.9706,3.0,14.5602,3.0,17.0,3.0,45.607,4.0,26.8328,4.0,25.3772,4.0,26.8514,4.0,20.0,4.0,26.8328,4.0,17.088,4.0,19.2094,4.0]
18 3 [13.8924,2.0,17.6918,3.0,25.0,3.0,14.0357,3.0,16.5529,3.0,44.643,4.0,27.2947,4.0,25.0799,4.0,26.5707,4.0,20.8087,4.0,26.4008,4.0]
18 4 [13.4164,2.0,18.4391,3.0,24.7386,3.0,13.5647,3.0,16.1555,3.0,43.6807,4.0,27.7849,4.0,24.8193,4.0,26.3249,4.0,21.6333,4.0,26.0,4.0]
18 5 [13.0,2.0,19.2094,3.0,24.5153,3.0,13.1529,3.0,15.8114,3.0,42.72,4.0,28.3019,4.0,24.5967,4.0,26.1151,4.0,22.4722,4.0,25.632,4.0]
18 6 [12.6491,2.0,20.0,3.0,24.3311,3.0,12.8062,3.0,15.5242,3.0,41.7612,4.0,28.8444,4.0,24.4131,4.0,25.9422,4.0,23.3238,4.0]
18 7 [12.3693,2.0,20.8087,3.0,24.1868,3.0,12.53,3.0,15.2971,3.0,40.8044,4.0,29.4109,4.0,25.0,4.0,24.2693,4.0,25.807,4.0,24.1868,4.0]
18 8 [12.1655,2.0,21.6333,3.0,24.0832,3.0,12.3288,3.0,15.1327,3.0,39.8497,4.0,30.0,4.0,24.7386,4.0,24.1661,4.0,25.7099,4.0,25.0599,4.0]
18 9 [12.0416,2.0,22.4722,3.0,24.0208,3.0,12.2066,3.0,15.0333,3.0,38.8973,4.0,30.6105,4.0,24.5153,4.0,24.1039,4.0,25.6515,4.0,25.9422,4.0]
18 10 [12.0,2.0,23.3238,3.0,24.0,3.0,12.1655,3.0,15.0,3.0,37.9473,4.0,31.241,4.0,24.3311,4.0,24.0832,4.0,25.632,4.0,26.8328,4.0]
18 11 [12.0416,2.0,24.1868,3.0,24.0208,3.0,12.2066,3.0,15.0333,3.0,37.0,4.0,31.8904,4.0,24.1039,4.0,25.6515,4.0,27.7308,4.0]
18 12 [12.1655,2.0,25.0599,3.0,24.0832,3.0,12.3288,3.0,15.1327,3.0,36.0555,4.0,32.5576,4.0,24.1661,4.0,25.7099,4.0,28.6356,4.0]
18 13 [12.3693,2.0,25.9422,3.0,24.1868,3.0,12.53,3.0,15.2971,3.0,33.2415,4.0,24.2693,4.0,25.807,4.0,29.5466,4.0]
18 14 [12.6491,2.0,26.8328,3.0,12.8062,3.0,15.5242,3.0,33.9411,4.0,30.4631,4.0]
18 15 [13.0,2.0,27.7308,3.0,13.1529,3.0,15.8114,3.0,34.6554,4.0,31.3847,4.0,16.4012,4.0,18.6011,4.0]
18 16 [13.4164,2.0,28.6356,3.0,13.5647,3.0,16.1555,3.0,35.3836,4.0,32.311,4.0,15.748,4.0,18.0278,4.0]
18 17 [13.8924,2.0,29.5466,3.0,14.0357,3.0,16.5529,3.0,36.1248,4.0,33.2415,4.0]
18 18 [14.4222,2.0,30.4631,3.0,14.5602,3.0,17.0,3.0,36.8782,4.0,34.176,4.0]
19 1 [14.2127,2.0,24.6982,3.0,17.0294,3.0,14.3527,3.0,16.8226,3.0,46.3249,4.0,24.779,4.0,26.2869,4.0,26.4197,4.0,17.1464,4.0,19.2614,4.0]
19 2 [13.6015,2.0,16.2788,3.0,24.3516,3.0,16.2788,3.0,13.7477,3.0,16.3095,3.0,45.3542,4.0,25.9422,4.0,24.4336,4.0,25.9615,4.0,19.4165,4.0,25.9422,4.0,16.4012,4.0,18.6011,4.0]
19 3 [13.0384,2.0,17.0294,3.0,24.0416,3.0,15.5563,3.0,13.1909,3.0,15.843,3.0,44.3847,4.0,26.4197,4.0,24.1247,4.0,25.671,4.0,20.2485,4.0,25.4951,4.0,15.6844,4.0,17.9722,4.0]
19 4 [12.53,2.0,17.8045,3.0,23.7697,3.0,12.6886,3.0,15.4272,3.0,43.4166,4.0,26.9258,4.0,23.8537,4.0,25.4165,4.0,21.095,4.0,25.0799,4.0]
19 5 [12.083,2.0,18.6011,3.0,23.5372,3.0,12.2474,3.0,15.0665,3.0,42.45,4.0,27.4591,4.0,23.622,4.0,25.1992,4.0,21.9545,4.0,24.6982,4.0]
19 6 [11.7047,2.0,19.4165,3.0,23.3452,3.0,11.8743,3.0,14.7648,3.0,41.4849,4.0,28.0179,4.0,23.4307,4.0,25.02,4.0,22.8254,4.0]
19 7 [11.4018,2.0,20.2485,3.0,23.1948,3.0,11.5758,3.0,14.5258,3.0,40.5216,4.0,28.6007,4.0,23.2809,4.0,24.8797,4.0,23.7065,4.0]
19 8 [11.1803,2.0,21.095,3.0,23.0868,3.0,11.3578,3.0,14.3527,3.0,39.5601,4.0,29.2062,4.0,23.7697,4.0,23.1733,4.0,24.779,4.0,24.5967,4.0]
19 9 [11.0454,2.0,21.9545,3.0,23.0217,3.0,11.225,3.0,14.2478,3.0,38.6005,4.0,29.8329,4.0,23.5372,4.0,23.1084,4.0,24.7184,4.0,25.4951,4.0]
19 10 [11.0,2.0,22.8254,3.0,23.0,3.0,11.1803,3.0,14.2127,3.0,37.6431,4.0,30.4795,4.0,23.3452,4.0,23.0868,4.0,24.6982,4.0,26.4008,4.0]
19 11 [11.0454,2.0,23.7065,3.0,23.0217,3.0,11.225,3.0,14.2478,3.0,36.6879,4.0,31.1448,4.0,23.1084,4.0,24.7184,4.0,27.313,4.0]
19 12 [11.1803,2.0,24.5967,3.0,23.0868,3.0,11.3578,3.0,14.3527,3.0,35.7351,4.0,31.8277,4.0,23.1733,4.0,24.779,4.0,28.2312,4.0]
19 13 [11.4018,2.0,25.4951,3.0,23.1948,3.0,11.5758,3.0,14.5258,3.0,34.7851,4.0,32.5269,4.0,23.2809,4.0,24.8797,4.0,29.1548,4.0]
19 14 [11.7047,2.0,26.4008,3.0,11.8743,3.0,14.7648,3.0,33.8378,4.0,33.2415,4.0,30.0832,4.0]
19 15 [12.083,2.0,27.313,3.0,12.2474,3.0,15.0665,3.0,33.9706,4.0,31.0161,4.0]
19 16 [12.53,2.0,28.2312,3.0,12.6886,3.0,15.4272,3.0,34.7131,4.0,31.9531,4.0,15.0,4.0,17.3781,4.0]
19 17 [13.0384,2.0,29.1548,3.0,13.1909,3.0,15.843,3.0,35.4683,4.0,32.8938,4.0,14.3527,4.0,16.8226,4.0]
19 18 [13.6015,2.0,30.0832,3.0,13.7477,3.0,16.3095,3.0,36.2353,4.0,33.8378,4.0]
20 1 [13.4536,2.0,23.7697,3.0,16.4012,3.0,13.6015,3.0,16.1864,3.0,46.0977,4.0,23.8537,4.0,25.4165,4.0,25.5539,4.0,16.5227,4.0,18.7083,4.0]
20 2 [12.8062,2.0,15.6205,3.0,23.4094,3.0,15.6205,3.0,12.9615,3.0,15.6525,3.0,45.1221,4.0,25.0599,4.0,23.4947,4.0,25.0799,4.0,18.868,4.0,25.0599,4.0,15.748,4.0,18.0278,4.0]
20 3 [12.2066,2.0,16.4012,3.0,23.0868,3.0,14.8661,3.0,12.3693,3.0,15.1658,3.0,44.1475,4.0,25.5539,4.0,23.1733,4.0,24.779,4.0,19.7231,4.0,24.5967,4.0,15.0,4.0,17.3781,4.0]
20 4 [11.6619,2.0,17.2047,3.0,22.8035,3.0,14.1421,3.0,11.8322,3.0,14.7309,3.0,43.1741,4.0,26.0768,4.0,22.891,4.0,24.5153,4.0,20.5913,4.0,24.1661,4.0,14.2829,4.0,16.7631,4.0]
20 5 [11.1803,2.0,18.0278,3.0,22.561,3.0,11.3578,3.0,14.3527,3.0,42.2019,4.0,26.6271,4.0,22.6495,4.0,24.2899,4.0,21.4709,4.0,23.7697,4.0]
20 6 [10.7703,2.0,18.868,3.0,22.3607,3.0,10.9545,3.0,14.0357,3.0,41.2311,4.0,27.2029,4.0,22.4499,4.0,24.1039,4.0,22.3607,4.0]
20 7 [10.4403,2.0,19.7231,3.0,22.2036,3.0,10.6301,3.0,13.784,3.0,40.2616,4.0,27.8029,4.0,22.2935,4.0,23.9583,4.0,23.2594,4.0]
20 8 [10.198,2.0,20.5913,3.0,22.0907,3.0,10.3923,3.0,13.6015,3.0,39.2938,4.0,28.4253,4.0,22.8035,4.0,22.1811,4.0,23.8537,4.0,24.1661,4.0]
20 9 [10.0499,2.0,21.4709,3.0,22.0227,3.0,10.247,3.0,13.4907,3.0,38.3275,4.0,29.0689,4.0,22.561,4.0,22.1133,4.0,23.7908,4.0,25.0799,4.0]
20 10 [10.0,2.0,22.3607,3.0,22.0,3.0,10.198,3.0,13.4536,3.0,37.3631,4.0,29.7321,4.0,22.3607,4.0,22.0907,4.0,23.7697,4.0,26.0,4.0]
20 11 [10.0499,2.0,23.2594,3.0,22.0227,3.0,10.247,3.0,13.4907,3.0,36.4005,4.0,30.4138,4.0,22.1133,4.0,23.7908,4.0,26.9258,4.0]
20 12 [10.198,2.0,24.1661,3.0,22.0907,3.0,10.3923,3.0,13.6015,3.0,35.4401,4.0,31.1127,4.0,22.1811,4.0,23.8537,4.0,27.8568,4.0]
20 13 [10.4403,2.0,25.0799,3.0,22.2036,3.0,10.6301,3.0,13.784,3.0,34.4819,4.0,31.8277,4.0,22.2935,4.0,23.9583,4.0,28.7924,4.0]
20 14 [10.7703,2.0,26.0,3.0,10.9545,3.0,14.0357,3.0,33.5261,4.0,32.5576,4.0,29.7321,4.0]
20 15 [11.1803,2.0,26.9258,3.0,11.3578,3.0,14.3527,3.0,33.3017,4.0,30.6757,4.0]
20 16 [11.6619,2.0,27.8568,3.0,11.8322,3.0,14.7309,3.0,34.0588,4.0,31.6228,4.0]
20 17 [12.2066,2.0,28.7924,3.0,12.3693,3.0,15.1658,3.0,34.8281,4.0,32.573,4.0,13.6015,4.0,16.1864,4.0]
20 18 [12.8062,2.0,29.7321,3.0,12.9615,3.0,15.6525,3.0,35.609,4.0,33.5261,4.0]
21 1 [12.7279,2.0,22.8473,3.0,15.8114,3.0,12.8841,3.0,15.5885,3.0,45.8912,4.0,22.9347,4.0,24.5561,4.0,24.6982,4.0,15.9374,4.0,18.1934,4.0]
21 2 [12.0416,2.0,15.0,3.0,22.4722,3.0,15.0,3.0,12.2066,3.0,15.0333,3.0,44.911,4.0,24.1868,4.0,22.561,4.0,24.2074,4.0,18.3576,4.0,24.1868,4.0,15.1327,4.0,17.4929,4.0]
21 3 [11.4018,2.0,15.8114,3.0,22.1359,3.0,14.2127,3.0,11.5758,3.0,14.5258,3.0,43.9318,4.0,24.6982,4.0,22.2261,4.0,23.8956,4.0,19.2354,4.0,23.7065,4.0,14.3527,4.0,16.8226,4.0]
21 4 [10.8167,2.0,16.6433,3.0,21.8403,3.0,13.4536,3.0,11.0,3.0,14.0712,3.0,42.9535,4.0,25.2389,4.0,21.9317,4.0,23.622,4.0,20.1246,4.0,23.2594,4.0,13.6015,4.0,16.1864,4.0]
21 5 [10.2956,2.0,17.4929,3.0,21.587,3.0,12.7279,3.0,10.4881,3.0,13.6748,3.0,41.9762,4.0,25.807,4.0,21.6795,4.0,23.388,4.0,21.0238,4.0,22.8473,4.0,12.8841,4.0,15.5885,4.0]
21 6 [9.84886,2.0,18.3576,3.0,21.3776,3.0,10.0499,3.0,13.3417,3.0,41.0,4.0,26.4008,4.0,21.4709,4.0,23.1948,4.0,21.9317,4.0,22.4722,4.0]
21 7 [9.48683,2.0,19.2354,3.0,21.2132,3.0,9.69536,3.0,13.0767,3.0,40.025,4.0,27.0185,4.0,21.3073,4.0,23.0434,4.0,22.8473,4.0]
21 8 [9.21954,2.0,20.1246,3.0,21.095,3.0,9.43398,3.0,12.8841,3.0,39.0512,4.0,27.6586,4.0,21.8403,4.0,21.1896,4.0,22.9347,4.0,23.7697,4.0]
21 9 [9.05539,2.0,21.0238,3.0,21.0238,3.0,9.27362,3.0,12.7671,3.0,38.0789,4.0,28.3196,4.0,21.587,4.0,21.1187,4.0,22.8692,4.0,24.6982,4.0]
21 10 [9.0,2.0,21.9317,3.0,21.0,3.0,9.21954,3.0,12.7279,3.0,37.108,4.0,29.0,4.0,21.3776,4.0,21.095,4.0,22.8473,4.0,25.632,4.0]
21 11 [9.05539,2.0,22.8473,3.0,21.0238,3.0,9.27362,3.0,12.7671,3.0,36.1386,4.0,29.6985,4.0,21.2132,4.0,21.1187,4.0,22.8692,4.0,26.5707,4.0]
21 12 [9.21954,2.0,23.7697,3.0,21.095,3.0,9.43398,3.0,12.8841,3.0,35.171,4.0,30.4138,4.0,21.1896,4.0,22.9347,4.0,27.5136,4.0]
21 13 [9.48683,2.0,24.6982,3.0,9.69536,3.0,13.0767,3.0,34.2053,4.0,31.1448,4.0,28.4605,4.0]
21 14 [9.84886,2.0,25.632,3.0,10.0499,3.0,13.3417,3.0,33.2415,4.0,31.8904,4.0,29.4109,4.0]
21 15 [10.2956,2.0,26.5707,3.0,10.4881,3.0,13.6748,3.0,32.6497,4.0,30.3645,4.0]
21 16 [10.8167,2.0,27.5136,3.0,11.0,3.0,14.0712,3.0,33.4215,4.0,31.3209,4.0]
21 17 [11.4018,2.0,28.4605,3.0,11.5758,3.0,14.5258,3.0,34.2053,4.0,32.28,4.0]
21 18 [12.0416,2.0,29.4109,3.0,12.2066,3.0,15.0333,3.0,35.0,4.0,33.2415,4.0]
22 1 [12.0416,2.0,21.9317,3.0,15.2643,3.0,12.2066,3.0,15.0333,3.0,45.7056,4.0,22.0227,4.0,23.7065,4.0,23.8537,4.0,15.3948,4.0,17.72,4.0]
22 2 [11.3137,2.0,14.4222,3.0,21.5407,3.0,14.4222,3.0,11.4891,3.0,14.4568,3.0,44.7214,4.0,23.3238,4.0,21.6333,4.0,23.3452,4.0,17.8885,4.0,23.3238,4.0,14.5602,4.0,17.0,4.0]
22 3 [10.6301,2.0,15.2643,3.0,21.1896,3.0,13.6015,3.0,10.8167,3.0,13.9284,3.0,43.7379,4.0,23.8537,4.0,21.2838,4.0,23.0217,4.0,18.7883,4.0,22.8254,4.0,13.7477,4.0,16.3095,4.0]
22 4 [10.0,2.0,16.1245,3.0,20.8806,3.0,12.8062,3.0,10.198,3.0,13.4536,3.0,42.7551,4.0,24.4131,4.0,20.9762,4.0,22.7376,4.0,19.6977,4.0,22.3607,4.0,12.9615,4.0,15.6525,4.0]
22 5 [9.43398,2.0,17.0,3.0,20.6155,3.0,12.0416,3.0,9.64365,3.0,13.0384,3.0,41.7732,4.0,25.0,4.0,20.7123,4.0,22.4944,4.0,20.6155,4.0,21.9317,4.0,12.2066,4.0,15.0333,4.0]
22 6 [8.94427,2.0,17.8885,3.0,20.3961,3.0,11.3137,3.0,9.16515,3.0,12.6886,3.0,40.7922,4.0,25.6125,4.0,20.4939,4.0,22.2935,4.0,21.5407,4.0,21.5407,4.0,11.4891,4.0,14.4568,4.0]
22 7 [8.544,2.0,18.7883,3.0,20.2237,3.0,8.77496,3.0,12.4097,3.0,39.8121,4.0,26.2488,4.0,20.3224,4.0,22.1359,4.0,22.4722,4.0]
22 8 [8.24621,2.0,19.6977,3.0,20.0998,3.0,8.48528,3.0,12.2066,3.0,38.833,4.0,26.9072,4.0,20.8806,4.0,20.199,4.0,22.0227,4.0,23.4094,4.0]
22 9 [8.06226,2.0,20.6155,3.0,20.025,3.0,8.30662,3.0,12.083,3.0,37.855,4.0,27.5862,4.0,20.6155,4.0,20.1246,4.0,21.9545,4.0,24.3516,4.0]
22 10 [8.0,2.0,21.5407,3.0,20.0,3.0,8.24621,3.0,12.0416,3.0,36.8782,4.0,28.2843,4.0,20.3961,4.0,20.0998,4.0,21.9317,4.0,25.2982,4.0]
22 11 [8.06226,2.0,22.4722,3.0,20.025,3.0,8.30662,3.0,12.083,3.0,35.9026,4.0,29.0,4.0,20.2237,4.0,20.1246,4.0,21.9545,4.0,26.2488,4.0]
22 12 [8.24621,2.0,23.4094,3.0,20.0998,3.0,8.48528,3.0,12.2066,3.0,34.9285,4.0,29.7321,4.0,20.199,4.0,22.0227,4.0,27.2029,4.0]
22 13 [8.544,2.0,24.3516,3.0,8.77496,3.0,12.4097,3.0,33.9559,4.0,30.4795,4.0,28.1603,4.0]
22 14 [8.94427,2.0,25.2982,3.0,9.16515,3.0,12.6886,3.0,32.9848,4.0,31.241,4.0,29.1204,4.0]
22 15 [9.43398,2.0,26.2488,3.0,9.64365,3.0,13.0384,3.0,32.0156,4.0,30.0832,4.0]
22 16 [10.0,2.0,27.2029,3.0,10.198,3.0,13.4536,3.0,32.8024,4.0,31.0483,4.0]
22 17 [10.6301,2.0,28.1603,3.0,10.8167,3.0,13.9284,3.0,33.6006,4.0,32.0156,4.0]
22 18 [29.1204,3.0,34.4093,4.0,32.9848,4.0]
23 1 [11.4018,2.0,21.0238,3.0,14.7648,3.0,11.5758,3.0,14.5258,3.0,45.5412,4.0,21.1187,4.0,22.8692,4.0,23.0217,4.0,14.8997,4.0,17.2916,4.0]
23 2 [10.6301,2.0,13.8924,3.0,20.6155,3.0,13.8924,3.0,10.8167,3.0,13.9284,3.0,44.5533,4.0,22.4722,4.0,20.7123,4.0,22.4944,4.0,17.4642,4.0,22.4722,4.0,14.0357,4.0,16.5529,4.0]
23 3 [9.89949,2.0,14.7648,3.0,20.2485,3.0,13.0384,3.0,10.0995,3.0,13.3791,3.0,43.566,4.0,23.0217,4.0,20.347,4.0,22.1585,4.0,18.3848,4.0,21.9545,4.0,13.1909,4.0,15.843,4.0]
23 4 [9.21954,2.0,15.6525,3.0,19.9249,3.0,12.2066,3.0,9.43398,3.0,12.8841,3.0,42.5793,4.0,23.6008,4.0,20.025,4.0,21.8632,4.0,19.3132,4.0,21.4709,4.0,12.3693,4.0,15.1658,4.0]
23 5 [8.60233,2.0,16.5529,3.0,19.6469,3.0,11.4018,3.0,8.83176,3.0,12.4499,3.0,41.5933,4.0,24.2074,4.0,19.7484,4.0,21.6102,4.0,20.2485,4.0,21.0238,4.0,11.5758,4.0,14.5258,4.0]
23 6 [8.06226,2.0,17.4642,3.0,19.4165,3.0,10.6301,3.0,8.30662,3.0,12.083,3.0,40.6079,4.0,24.8395,4.0,19.5192,4.0,21.4009,4.0,21.1896,4.0,20.6155,4.0,10.8167,4.0,13.9284,4.0]
23 7 [7.61577,2.0,18.3848,3.0,19.2354,3.0,9.89949,3.0,7.87401,3.0,11.7898,3.0,39.6232,4.0,25.4951,4.0,19.3391,4.0,21.2368,4.0,22.1359,4.0,10.0995,4.0,13.3791,4.0]
23 8 [7.28011,2.0,19.3132,3.0,19.105,3.0,7.54983,3.0,11.5758,3.0,38.6394,4.0,26.1725,4.0,19.2094,4.0,21.1187,4.0,23.0868,4.0]
23 9 [7.07107,2.0,20.2485,3.0,19.0263,3.0,7.34847,3.0,11.4455,3.0,37.6563,4.0,26.8701,4.0,19.6469,4.0,19.1311,4.0,21.0476,4.0,24.0416,4.0]
23 10 [7.0,2.0,21.1896,3.0,19.0,3.0,7.28011,3.0,11.4018,3.0,36.6742,4.0,27.5862,4.0,19.4165,4.0,19.105,4.0,21.0238,4.0,25.0,4.0]
23 11 [7.07107,2.0,22.1359,3.0,19.0263,3.0,7.34847,3.0,11.4455,3.0,35.6931,4.0,28.3196,4.0,19.2354,4.0,19.1311,4.0,21.0476,4.0,25.9615,4.0]
23 12 [7.28011,2.0,23.0868,3.0,19.105,3.0,7.54983,3.0,11.5758,3.0,34.7131,4.0,29.0689,4.0,19.2094,4.0,21.1187,4.0,26.9258,4.0]
23 13 [7.61577,2.0,24.0416,3.0,7.87401,3.0,11.7898,3.0,33.7343,4.0,29.8329,4.0,27.8927,4.0]
23 14 [8.06226,2.0,25.0,3.0,8.30662,3.0,12.083,3.0,32.7567,4.0,30.6105,4.0,28.8617,4.0]
23 15 [8.60233,2.0,25.9615,3.0,8.83176,3.0,12.4499,3.0,31.4006,4.0,29.8329,4.0]
23 16 [9.21954,2.0,26.9258,3.0,9.43398,3.0,12.8841,3.0,32.2025,4.0,30.8058,4.0]
23 17 [27.8927,3.0,33.0151,4.0,31.7805,4.0]
23 18 [28.8617,3.0,33.8378,4.0,32.7567,4.0]
24 1 [10.8167,2.0,20.1246,3.0,14.3178,3.0,11.0,3.0,14.0712,3.0,20.2237,4.0,22.0454,4.0,22.2036,4.0,14.4568,4.0,16.9115,4.0]
24 2 [10.0,2.0,13.4164,3.0,19.6977,3.0,13.4164,3.0,10.198,3.0,13.4536,3.0,21.6333,4.0,19.799,4.0,21.6564,4.0,17.088,4.0,21.6333,4.0,13.5647,4.0,16.1555,4.0]
24 3 [9.21954,2.0,14.3178,3.0,19.3132,3.0,12.53,3.0,9.43398,3.0,12.8841,3.0,22.2036,4.0,19.4165,4.0,21.3073,4.0,18.0278,4.0,21.095,4.0,12.6886,4.0,15.4272,4.0]
24 4 [8.48528,2.0,15.2315,3.0,18.9737,3.0,11.6619,3.0,8.7178,3.0,12.3693,3.0,42.4264,4.0,22.8035,4.0,19.0788,4.0,21.0,4.0,18.9737,4.0,20.5913,4.0,11.8322,4.0,14.7309,4.0]
24 5 [7.81025,2.0,16.1555,3.0,18.6815,3.0,10.8167,3.0,8.06226,3.0,11.9164,3.0,41.4367,4.0,23.4307,4.0,18.7883,4.0,20.7364,4.0,19.9249,4.0,20.1246,4.0,11.0,4.0,14.0712,4.0]
24 6 [7.2111,2.0,17.088,3.0,18.4391,3.0,10.0,3.0,7.48331,3.0,11.5326,3.0,40.4475,4.0,24.0832,4.0,18.5472,4.0,20.5183,4.0,20.8806,4.0,19.6977,4.0,10.198,4.0,13.4536,4.0]
24 7 [6.7082,2.0,18.0278,3.0,18.2483,3.0,9.21954,3.0,7.0,3.0,11.225,3.0,39.4588,4.0,24.7588,4.0,18.3576,4.0,20.347,4.0,21.8403,4.0,19.3132,4.0,9.43398,4.0,12.8841,4.0]
24 8 [6.32456,2.0,18.9737,3.0,18.1108,3.0,8.48528,3.0,6.63325,3.0,11.0,3.0,38.4708,4.0,25.4558,4.0,18.2209,4.0,20.2237,4.0,22.8035,4.0,8.7178,4.0,12.3693,4.0]
24 9 [6.08276,2.0,19.9249,3.0,18.0278,3.0,6.40312,3.0,10.8628,3.0,37.4833,4.0,26.1725,4.0,18.6815,4.0,18.1384,4.0,20.1494,4.0,23.7697,4.0]
24 10 [6.0,2.0,20.8806,3.0,18.0,3.0,6.32456,3.0,10.8167,3.0,36.4966,4.0,26.9072,4.0,18.4391,4.0,18.1108,4.0,20.1246,4.0,24.7386,4.0]
24 11 [6.08276,2.0,21.8403,3.0,18.0278,3.0,6.40312,3.0,10.8628,3.0,35.5106,4.0,27.6586,4.0,18.2483,4.0,18.1384,4.0,20.1494,4.0,25.7099,4.0]
24 12 [6.32456,2.0,22.8035,3.0,18.1108,3.0,6.63325,3.0,11.0,3.0,34.5254,4.0,28.4253,4.0,18.2209,4.0,20.2237,4.0,26.6833,4.0]
24 13 [6.7082,2.0,23.7697,3.0,7.0,3.0,11.225,3.0,33.541,4.0,29.2062,4.0,27.6586,4.0]
24 14 [7.2111,2.0,24.7386,3.0,7.48331,3.0,11.5326,3.0,32.5576,4.0,30.0,4.0,28.6356,4.0]
24 15 [7.81025,2.0,25.7099,3.0,8.06226,3.0,11.9164,3.0,30.8058,4.0,29.6142,4.0]
24 16 [26.6833,3.0,31.6228,4.0,30.5941,4.0]
24 17 [27.6586,3.0,31.5753,4.0]
24 18 [28.6356,3.0,32.5576,4.0]
25 1 [10.2956,2.0,19.2354,3.0,13.9284,3.0,10.4881,3.0,13.6748,3.0,19.3391,4.0,21.2368,4.0,21.4009,4.0,14.0712,4.0,16.5831,4.0]
25 2 [9.43398,2.0,13.0,3.0,18.7883,3.0,13.0,3.0,9.64365,3.0,13.0384,3.0,20.8087,4.0,18.8944,4.0,20.8327,4.0,16.7631,4.0,20.8087,4.0,13.1529,4.0,15.8114,4.0]
25 3 [8.60233,2.0,13.9284,3.0,18.3848,3.0,12.083,3.0,8.83176,3.0,12.4499,3.0,21.4009,4.0,18.4932,4.0,20.4695,4.0,17.72,4.0,20.2485,4.0,12.2474,4.0,15.0665,4.0]
25 4 [7.81025,2.0,14.8661,3.0,18.0278,3.0,11.1803,3.0,8.06226,3.0,11.9164,3.0,22.0227,4.0,18.1384,4.0,20.1494,4.0,18.6815,4.0,19.7231,4.0,11.3578,4.0,14.3527,4.0]
25 5 [7.07107,2.0,15.8114,3.0,17.72,3.0,10.2956,3.0,7.34847,3.0,11.4455,3.0,22.6716,4.0,17.8326,4.0,19.8746,4.0,19.6469,4.0,19.2354,4.0,10.4881,4.0,13.6748,4.0]
25 6 [6.40312,2.0,16.7631,3.0,17.4642,3.0,9.43398,3.0,6.7082,3.0,11.0454,3.0,23.3452,4.0,17.5784,4.0,19.6469,4.0,20.6155,4.0,18.7883,4.0,9.64365,4.0,13.0384,4.0]
25 7 [5.83095,2.0,17.72,3.0,17.2627,3.0,8.60233,3.0,6.16441,3.0,10.7238,3.0,24.0416,4.0,17.3781,4.0,19.4679,4.0,21.587,4.0,18.3848,4.0,8.83176,4.0,12.4499,4.0]
25 8 [5.38516,2.0,18.6815,3.0,17.1172,3.0,7.81025,3.0,5.74456,3.0,10.4881,3.0,24.7588,4.0,17.2337,4.0,19.3391,4.0,22.561,4.0,8.06226,4.0,11.9164,4.0]
25 9 [5.09902,2.0,19.6469,3.0,17.0294,3.0,7.07107,3.0,5.47723,3.0,10.3441,3.0,25.4951,4.0,17.72,4.0,17.1464,4.0,19.2614,4.0,23.5372,4.0,7.34847,4.0,11.4455,4.0]
25 10 [5.0,2.0,20.6155,3.0,17.0,3.0,5.38516,3.0,10.2956,3.0,26.2488,4.0,17.4642,4.0,17.1172,4.0,19.2354,4.0,24.5153,4.0]
25 11 [5.09902,2.0,21.587,3.0,17.0294,3.0,5.47723,3.0,10.3441,3.0,35.3553,4.0,27.0185,4.0,17.2627,4.0,17.1464,4.0,19.2614,4.0,25.4951,4.0]
25 12 [5.38516,2.0,22.561,3.0,17.1172,3.0,5.74456,3.0,10.4881,3.0,34.3657,4.0,27.8029,4.0,17.2337,4.0,19.3391,4.0,26.4764,4.0]
25 13 [5.83095,2.0,23.5372,3.0,6.16441,3.0,10.7238,3.0,33.3766,4.0,28.6007,4.0,27.4591,4.0]
25 14 [6.40312,2.0,24.5153,3.0,6.7082,3.0,11.0454,3.0,32.3883,4.0,29.4109,4.0,28.4429,4.0]
25 15 [25.4951,3.0,30.2324,4.0,29.4279,4.0]
25 16 [26.4764,3.0,30.4138,4.0]
25 17 [27.4591,3.0,31.4006,4.0]
25 18 [28.4429,3.0,32.3883,4.0]
26 1 [9.84886,2.0,18.3576,3.0,13.6015,3.0,10.0499,3.0,13.3417,3.0,18.4662,4.0,20.445,4.0,20.6155,4.0,13.7477,4.0,16.3095,4.0]
26 2 [8.94427,2.0,12.6491,3.0,17.8885,3.0,12.6491,3.0,9.16515,3.0,12.6886,3.0,20.0,4.0,18.0,4.0,20.025,4.0,16.4924,4.0,20.0,4.0,12.8062,4.0,15.5242,4.0]
26 3 [8.06226,2.0,13.6015,3.0,17.4642,3.0,11.7047,3.0,8.30662,3.0,12.083,3.0,20.6155,4.0,17.5784,4.0,19.6469,4.0,17.4642,4.0,19.4165,4.0,11.8743,4.0,14.7648,4.0]
26 4 [7.2111,2.0,14.5602,3.0,17.088,3.0,10.7703,3.0,7.48331,3.0,11.5326,3.0,21.2603,4.0,17.2047,4.0,19.3132,4.0,18.4391,4.0,18.868,4.0,10.9545,4.0,14.0357,4.0]
26 5 [6.40312,2.0,15.5242,3.0,16.7631,3.0,9.84886,3.0,6.7082,3.0,11.0454,3.0,21.9317,4.0,16.8819,4.0,19.0263,4.0,19.4165,4.0,18.3576,4.0,10.0499,4.0,13.3417,4.0]
26 6 [5.65685,2.0,16.4924,3.0,16.4924,3.0,8.94427,3.0,6.0,3.0,10.6301,3.0,22.6274,4.0,16.6132,4.0,18.7883,4.0,20.3961,4.0,17.8885,4.0,9.16515,4.0,12.6886,4.0]
26 7 [5.0,2.0,17.4642,3.0,16.2788,3.0,8.06226,3.0,5.38516,3.0,10.2956,3.0,23.3452,4.0,16.4012,4.0,18.6011,4.0,21.3776,4.0,17.4642,4.0,8.30662,4.0,12.083,4.0]
26 8 [4.47214,2.0,18.4391,3.0,16.1245,3.0,7.2111,3.0,4.89898,3.0,10.0499,3.0,24.0832,4.0,16.2481,4.0,18.4662,4.0,22.3607,4.0,17.088,4.0,7.48331,4.0,11.5326,4.0]
26 9 [4.12311,2.0,19.4165,3.0,16.0312,3.0,6.40312,3.0,4.58258,3.0,9.89949,3.0,24.8395,4.0,16.1555,4.0,18.3848,4.0,23.3452,4.0,6.7082,4.0,11.0454,4.0]
26 10 [4.0,2.0,20.3961,3.0,16.0,3.0,5.65685,3.0,4.47214,3.0,9.84886,3.0,25.6125,4.0,16.4924,4.0,16.1245,4.0,18.3576,4.0,24.3311,4.0]
26 11 [4.12311,2.0,21.3776,3.0,16.0312,3.0,4.58258,3.0,9.89949,3.0,26.4008,4.0,16.2788,4.0,16.1555,4.0,18.3848,4.0,25.318,4.0]
26 12 [4.47214,2.0,22.3607,3.0,16.1245,3.0,4.89898,3.0,10.0499,3.0,27.2029,4.0,16.2481,4.0,18.4662,4.0,26.3059,4.0]
26 13 [5.0,2.0,23.3452,3.0,5.38516,3.0,10.2956,3.0,28.0179,4.0,27.2947,4.0]
26 14 [24.3311,3.0,6.0,3.0,10.6301,3.0,28.2843,4.0]
26 15 [25.318,3.0,29.2746,4.0]
26 16 [26.3059,3.0,30.2655,4.0]
26 17 [27.2947,3.0,31.257,4.0]
26 18 [28.2843,3.0,32.249,4.0]
27 1 [9.48683,2.0,17.4929,3.0,13.3417,3.0,9.69536,3.0,13.0767,3.0,33.1361,4.0,17.6068,4.0,19.6723,4.0,19.8494,4.0,13.4907,4.0,16.0935,4.0]
27 2 [8.544,2.0,12.3693,3.0,17.0,3.0,12.3693,3.0,8.77496,3.0,12.4097,3.0,19.2094,4.0,17.1172,4.0,19.2354,4.0,16.2788,4.0,19.2094,4.0,12.53,4.0,15.2971,4.0]
27 3 [7.61577,2.0,13.3417,3.0,16.5529,3.0,11.4018,3.0,7.87401,3.0,11.7898,3.0,19.8494,4.0,16.6733,4.0,18.8414,4.0,17.2627,4.0,18.6011,4.0,11.5758,4.0,14.5258,4.0]
27 4 [6.7082,2.0,14.3178,3.0,16.1555,3.0,10.4403,3.0,7.0,3.0,11.225,3.0,20.5183,4.0,16.2788,4.0,18.4932,4.0,18.2483,4.0,18.0278,4.0,10.6301,4.0,13.784,4.0]
27 5 [5.83095,2.0,15.2971,3.0,15.8114,3.0,9.48683,3.0,6.16441,3.0,10.7238,3.0,21.2132,4.0,15.9374,4.0,18.1934,4.0,19.2354,4.0,17.4929,4.0,9.69536,4.0,13.0767,4.0]
27 6 [5.0,2.0,16.2788,3.0,15.5242,3.0,8.544,3.0,5.38516,3.0,10.2956,3.0,21.9317,4.0,15.6525,4.0,17.9444,4.0,20.2237,4.0,17.0,4.0,8.77496,4.0,12.4097,4.0]
27 7 [4.24264,2.0,17.2627,3.0,15.2971,3.0,7.61577,3.0,4.69042,3.0,9.94987,3.0,22.6716,4.0,15.4272,4.0,17.7482,4.0,21.2132,4.0,16.5529,4.0,7.87401,4.0,11.7898,4.0]
27 8 [3.60555,2.0,18.2483,3.0,15.1327,3.0,6.7082,3.0,4.12311,3.0,9.69536,3.0,23.4307,4.0,15.2643,4.0,17.6068,4.0,22.2036,4.0,16.1555,4.0,7.0,4.0,11.225,4.0]
27 9 [3.16228,2.0,19.2354,3.0,15.0333,3.0,5.83095,3.0,3.74166,3.0,9.53939,3.0,24.2074,4.0,15.1658,4.0,17.5214,4.0,23.1948,4.0,6.16441,4.0,10.7238,4.0]
27 10 [3.0,2.0,20.2237,3.0,15.0,3.0,5.0,3.0,3.60555,3.0,9.48683,3.0,25.0,4.0,15.5242,4.0,15.1327,4.0,17.4929,4.0,24.1868,4.0]
27 11 [3.16228,2.0,21.2132,3.0,15.0333,3.0,4.24264,3.0,3.74166,3.0,9.53939,3.0,25.807,4.0,15.2971,4.0,15.1658,4.0,17.5214,4.0,25.1794,4.0,4.69042,4.0,9.94987,4.0]
27 12 [3.60555,2.0,22.2036,3.0,15.1327,3.0,4.12311,3.0,9.69536,3.0,26.6271,4.0,15.2643,4.0,17.6068,4.0,26.1725,4.0]
27 13 [23.1948,3.0,27.1662,4.0]
27 14 [24.1868,3.0,28.1603,4.0]
27 15 [25.1794,3.0,29.1548,4.0]
27 16 [26.1725,3.0,30.1496,4.0]
27 17 [27.1662,3.0,31.1448,4.0]
27 18 [28.1603,3.0,32.1403,4.0]
28 1 [9.21954,2.0,16.6433,3.0,13.1529,3.0,9.43398,3.0,12.8841,3.0,33.0606,4.0,16.7631,4.0,18.9209,4.0,19.105,4.0,13.3041,4.0,15.9374,4.0]
28 2 [8.24621,2.0,12.1655,3.0,16.1245,3.0,12.1655,3.0,8.48528,3.0,12.2066,3.0,32.0624,4.0,18.4391,4.0,16.2481,4.0,18.4662,4.0,16.1245,4.0,18.4391,4.0,12.3288,4.0,15.1327,4.0]
28 3 [7.28011,2.0,13.1529,3.0,15.6525,3.0,11.1803,3.0,7.54983,3.0,11.5758,3.0,31.0644,4.0,19.105,4.0,15.7797,4.0,18.0555,4.0,17.1172,4.0,17.8045,4.0,11.3578,4.0,14.3527,4.0]
28 4 [6.32456,2.0,14.1421,3.0,15.2315,3.0,10.198,3.0,6.63325,3.0,11.0,3.0,30.0666,4.0,19.799,4.0,15.3623,4.0,17.6918,4.0,18.1108,4.0,17.2047,4.0,10.3923,4.0,13.6015,4.0]
28 5 [5.38516,2.0,15.1327,3.0,14.8661,3.0,9.21954,3.0,5.74456,3.0,10.4881,3.0,29.0689,4.0,20.5183,4.0,15.0,4.0,17.3781,4.0,19.105,4.0,16.6433,4.0,9.43398,4.0,12.8841,4.0]
28 6 [4.47214,2.0,16.1245,3.0,14.5602,3.0,8.24621,3.0,4.89898,3.0,10.0499,3.0,28.0713,4.0,21.2603,4.0,14.6969,4.0,17.1172,4.0,20.0998,4.0,16.1245,4.0,8.48528,4.0,12.2066,4.0]
28 7 [3.60555,2.0,17.1172,3.0,14.3178,3.0,7.28011,3.0,4.12311,3.0,9.69536,3.0,27.074,4.0,22.0227,4.0,14.4568,4.0,16.9115,4.0,21.095,4.0,15.6525,4.0,7.54983,4.0,11.5758,4.0]
28 8 [2.82843,2.0,18.1108,3.0,14.1421,3.0,6.32456,3.0,3.4641,3.0,9.43398,3.0,26.0768,4.0,22.8035,4.0,14.2829,4.0,16.7631,4.0,22.0907,4.0,15.2315,4.0,6.63325,4.0,11.0,4.0]
28 9 [2.23607,2.0,19.105,3.0,14.0357,3.0,5.38516,3.0,3.0,3.0,9.27362,3.0,25.0799,4.0,23.6008,4.0,14.1774,4.0,16.6733,4.0,23.0868,4.0,5.74456,4.0,10.4881,4.0]
28 10 [2.0,2.0,20.0998,3.0,14.0,3.0,4.47214,3.0,2.82843,3.0,9.21954,3.0,24.4131,4.0,14.5602,4.0,14.1421,4.0,16.6433,4.0,24.0832,4.0]
28 11 [2.23607,2.0,21.095,3.0,14.0357,3.0,3.60555,3.0,3.0,3.0,9.27362,3.0,14.3178,4.0,14.1774,4.0,16.6733,4.0,25.0799,4.0,4.12311,4.0,9.69536,4.0]
28 12 [2.82843,2.0,22.0907,3.0,14.1421,3.0,3.4641,3.0,9.43398,3.0,14.2829,4.0,16.7631,4.0,26.0768,4.0]
28 14 [4.89898,3.0,10.0499,3.0,14.6969,4.0,17.1172,4.0]
29 1 [9.05539,2.0,15.8114,3.0,13.0384,3.0,9.27362,3.0,12.7671,3.0,33.0151,4.0,18.3848,4.0,13.1909,4.0,15.843,4.0]
29 2 [8.06226,2.0,12.0416,3.0,15.2643,3.0,12.0416,3.0,8.30662,3.0,12.083,3.0,32.0156,4.0,17.6918,4.0,16.0312,4.0,17.6918,4.0,12.2066,4.0,15.0333,4.0]
29 3 [7.07107,2.0,13.0384,3.0,14.7648,3.0,11.0454,3.0,7.34847,3.0,11.4455,3.0,31.0161,4.0,18.3848,4.0,17.0294,4.0,17.0294,4.0,11.225,4.0,14.2478,4.0]
29 4 [6.08276,2.0,14.0357,3.0,14.3178,3.0,10.0499,3.0,6.40312,3.0,10.8628,3.0,30.0167,4.0,19.105,4.0,18.0278,4.0,16.4012,4.0,10.247,4.0,13.4907,4.0]
29 5 [5.09902,2.0,15.0333,3.0,13.9284,3.0,9.05539,3.0,5.47723,3.0,10.3441,3.0,29.0172,4.0,19.8494,4.0,19.0263,4.0,15.8114,4.0,9.27362,4.0,12.7671,4.0]
29 6 [4.12311,2.0,16.0312,3.0,13.6015,3.0,8.06226,3.0,4.58258,3.0,9.89949,3.0,28.0179,4.0,20.6155,4.0,20.025,4.0,15.2643,4.0,8.30662,4.0,12.083,4.0]
29 7 [3.16228,2.0,17.0294,3.0,13.3417,3.0,7.07107,3.0,3.74166,3.0,9.53939,3.0,27.0185,4.0,21.4009,4.0,21.0238,4.0,14.7648,4.0,7.34847,4.0,11.4455,4.0]
29 8 [2.23607,2.0,18.0278,3.0,13.1529,3.0,6.08276,3.0,3.0,3.0,9.27362,3.0,26.0192,4.0,22.2036,4.0,22.0227,4.0,14.3178,4.0,6.40312,4.0,10.8628,4.0]
29 9 [1.41421,2.0,19.0263,3.0,13.0384,3.0,5.09902,3.0,2.44949,3.0,9.11043,3.0,25.02,4.0,23.0217,4.0,23.0217,4.0,13.9284,4.0,5.47723,4.0,10.3441,4.0]
29 10 [1.0,2.0,20.025,3.0,13.0,3.0,4.12311,3.0,2.23607,3.0,9.05539,3.0,24.0208,4.0]
29 11 [1.41421,2.0,21.0238,3.0,13.0384,3.0,3.16228,3.0,2.44949,3.0,9.11043,3.0,13.3417,4.0,25.02,4.0,3.74166,4.0,9.53939,4.0]
29 12 [2.23607,2.0,22.0227,3.0,13.1529,3.0,3.0,3.0,9.27362,3.0,26.0192,4.0]
29 13 [4.69042,4.0,9.94987,4.0]
29 14 [4.58258,3.0,9.89949,3.0,5.38516,4.0,10.2956,4.0]
30 1 [9.0,2.0,15.0,3.0,13.0,3.0,9.21954,3.0,12.7279,3.0,33.0,4.0,17.6918,4.0,13.1529,4.0,15.8114,4.0]
30 2 [8.0,2.0,12.0,3.0,14.4222,3.0,12.0,3.0,8.24621,3.0,12.0416,3.0,32.0,4.0,16.9706,4.0,16.0,4.0,16.9706,4.0,12.1655,4.0,15.0,4.0]
30 3 [7.0,2.0,13.0,3.0,13.8924,3.0,11.0,3.0,7.28011,3.0,11.4018,3.0,31.0,4.0,17.6918,4.0,17.0,4.0,16.2788,4.0,11.1803,4.0,14.2127,4.0]
30 4 [6.0,2.0,14.0,3.0,13.4164,3.0,10.0,3.0,6.32456,3.0,10.8167,3.0,30.0,4.0,18.4391,4.0,18.0,4.0,15.6205,4.0,10.198,4.0,13.4536,4.0]
30 5 [5.0,2.0,15.0,3.0,13.0,3.0,9.0,3.0,5.38516,3.0,10.2956,3.0,29.0,4.0,19.2094,4.0,19.0,4.0,15.0,4.0,9.21954,4.0,12.7279,4.0]
30 6 [4.0,2.0,16.0,3.0,12.6491,3.0,8.0,3.0,4.47214,3.0,9.84886,3.0,28.0,4.0,20.0,4.0,20.0,4.0,14.4222,4.0,8.24621,4.0,12.0416,4.0]
30 7 [3.0,2.0,17.0,3.0,12.3693,3.0,7.0,3.0,3.60555,3.0,9.48683,3.0,27.0,4.0,20.8087,4.0,21.0,4.0,13.8924,4.0,7.28011,4.0,11.4018,4.0]
30 8 [2.0,2.0,18.0,3.0,12.1655,3.0,6.0,3.0,2.82843,3.0,9.21954,3.0,26.0,4.0,22.0,4.0,13.4164,4.0,6.32456,4.0,10.8167,4.0]
30 9 [1.0,2.0,19.0,3.0,12.0416,3.0,5.0,3.0,2.23607,3.0,9.05539,3.0,25.0,4.0,23.0,4.0,13.0,4.0,5.38516,4.0,10.2956,4.0]
30 10 [0.0,2.0,20.0,3.0,12.0,3.0,4.0,3.0,2.0,3.0,9.0,3.0,24.0,4.0]
30 11 [1.0,2.0,21.0,3.0,12.0416,3.0,3.0,3.0,2.23607,3.0,9.05539,3.0,12.3693,4.0,25.0,4.0,3.60555,4.0,9.48683,4.0]
30 12 [2.0,2.0,22.0,3.0,12.1655,3.0,2.82843,3.0,9.21954,3.0,26.0,4.0]
30 14 [12.6491,3.0,4.47214,3.0,9.84886,3.0]
31 1 [9.05539,2.0,14.2127,3.0,13.0384,3.0,9.27362,3.0,12.7671,3.0,33.0151,4.0,17.0294,4.0,13.1909,4.0,15.843,4.0]
31 2 [8.06226,2.0,12.0416,3.0,13.6015,3.0,12.0416,3.0,8.30662,3.0,12.083,3.0,32.0156,4.0,16.2788,4.0,16.0312,4.0,16.2788,4.0,12.2066,4.0,15.0333,4.0]
31 3 [7.07107,2.0,13.0384,3.0,13.0384,3.0,11.0454,3.0,7.34847,3.0,11.4455,3.0,31.0161,4.0,17.0294,4.0,17.0294,4.0,15.5563,4.0,11.225,4.0,14.2478,4.0]
31 4 [6.08276,2.0,14.0357,3.0,12.53,3.0,10.0499,3.0,6.40312,3.0,10.8628,3.0,30.0167,4.0,17.8045,4.0,18.0278,4.0,14.8661,4.0,10.247,4.0,13.4907,4.0]
31 5 [5.09902,2.0,15.0333,3.0,12.083,3.0,9.05539,3.0,5.47723,3.0,10.3441,3.0,29.0172,4.0,18.6011,4.0,19.0263,4.0,14.2127,4.0,9.27362,4.0,12.7671,4.0]
31 6 [4.12311,2.0,16.0312,3.0,11.7047,3.0,8.06226,3.0,4.58258,3.0,9.89949,3.0,28.0179,4.0,19.4165,4.0,20.025,4.0,13.6015,4.0,8.30662,4.0,12.083,4.0]
31 7 [3.16228,2.0,17.0294,3.0,11.4018,3.0,7.07107,3.0,3.74166,3.0,9.53939,3.0,27.0185,4.0,21.0238,4.0,13.0384,4.0,7.34847,4.0,11.4455,4.0]
31 8 [2.23607,2.0,18.0278,3.0,11.1803,3.0,6.08276,3.0,3.0,3.0,9.27362,3.0,26.0192,4.0,22.0227,4.0,12.53,4.0,6.40312,4.0,10.8628,4.0]
31 9 [1.41421,2.0,19.0263,3.0,11.0454,3.0,5.09902,3.0,2.44949,3.0,9.11043,3.0,25.02,4.0,23.0217,4.0,12.083,4.0,5.47723,4.0,10.3441,4.0]
31 10 [1.0,2.0,20.025,3.0,11.0,3.0,4.12311,3.0,2.23607,3.0,9.05539,3.0,24.0208,4.0]
31 11 [1.41421,2.0,21.0238,3.0,11.0454,3.0,3.16228,3.0,2.44949,3.0,9.11043,3.0,11.4018,4.0,25.02,4.0,3.74166,4.0,9.53939,4.0]
31 12 [2.23607,2.0,22.0227,3.0,11.1803,3.0,3.0,3.0,9.27362,3.0,26.0192,4.0]
31 14 [4.58258,3.0,9.89949,3.0]
32 1 [9.21954,2.0,13.4536,3.0,13.1529,3.0,9.43398,3.0,12.8841,3.0,33.0606,4.0,16.4012,4.0,13.3041,4.0,15.9374,4.0]
32 2 [8.24621,2.0,12.1655,3.0,12.8062,3.0,12.1655,3.0,8.48528,3.0,12.2066,3.0,32.0624,4.0,15.6205,4.0,16.1245,4.0,15.6205,4.0,12.3288,4.0,15.1327,4.0]
32 3 [7.28011,2.0,13.1529,3.0,12.2066,3.0,11.1803,3.0,7.54983,3.0,11.5758,3.0,31.0644,4.0,16.4012,4.0,17.1172,4.0,14.8661,4.0,11.3578,4.0,14.3527,4.0]
32 4 [6.32456,2.0,14.1421,3.0,11.6619,3.0,10.198,3.0,6.63325,3.0,11.0,3.0,30.0666,4.0,17.2047,4.0,18.1108,4.0,14.1421,4.0,10.3923,4.0,13.6015,4.0]
32 5 [5.38516,2.0,15.1327,3.0,11.1803,3.0,9.21954,3.0,5.74456,3.0,10.4881,3.0,29.0689,4.0,19.105,4.0,13.4536,4.0,9.43398,4.0,12.8841,4.0]
32 6 [4.47214,2.0,16.1245,3.0,10.7703,3.0,8.24621,3.0,4.89898,3.0,10.0499,3.0,28.0713,4.0,20.0998,4.0,12.8062,4.0,8.48528,4.0,12.2066,4.0]
32 7 [3.60555,2.0,17.1172,3.0,10.4403,3.0,7.28011,3.0,4.12311,3.0,9.69536,3.0,27.074,4.0,21.095,4.0,12.2066,4.0,7.54983,4.0,11.5758,4.0]
32 8 [2.82843,2.0,18.1108,3.0,10.198,3.0,6.32456,3.0,3.4641,3.0,9.43398,3.0,26.0768,4.0,22.0907,4.0,11.6619,4.0,6.63325,4.0,11.0,4.0]
32 9 [2.23607,2.0,19.105,3.0,10.0499,3.0,5.38516,3.0,3.0,3.0,9.27362,3.0,25.0799,4.0,23.0868,4.0,11.1803,4.0,5.74456,4.0,10.4881,4.0]
32 10 [2.0,2.0,20.0998,3.0,10.0,3.0,4.47214,3.0,2.82843,3.0,9.21954,3.0,24.0832,4.0,10.7703,4.0]
32 11 [2.23607,2.0,21.095,3.0,10.0499,3.0,3.60555,3.0,3.0,3.0,9.27362,3.0,25.0799,4.0,4.12311,4.0,9.69536,4.0]
32 12 [2.82843,2.0,22.0907,3.0,10.198,3.0,3.4641,3.0,9.43398,3.0,26.0768,4.0]
32 14 [4.89898,3.0,10.0499,3.0]
33 1 [9.48683,2.0,12.7279,3.0,13.3417,3.0,9.69536,3.0,13.0767,3.0,33.1361,4.0,15.8114,4.0,13.4907,4.0,16.0935,4.0]
33 2 [8.544,2.0,12.3693,3.0,12.0416,3.0,12.3693,3.0,8.77496,3.0,12.4097,3.0,32.1403,4.0,15.0,4.0,16.2788,4.0,15.0,4.0,12.53,4.0,15.2971,4.0]
33 3 [7.61577,2.0,13.3417,3.0,11.4018,3.0,11.4018,3.0,7.87401,3.0,11.7898,3.0,31.1448,4.0,15.8114,4.0,17.2627,4.0,14.2127,4.0,11.5758,4.0,14.5258,4.0]
33 4 [6.7082,2.0,14.3178,3.0,10.8167,3.0,10.4403,3.0,7.0,3.0,11.225,3.0,30.1496,4.0,18.2483,4.0,13.4536,4.0,10.6301,4.0,13.784,4.0]
33 5 [5.83095,2.0,15.2971,3.0,10.2956,3.0,9.48683,3.0,6.16441,3.0,10.7238,3.0,29.1548,4.0,19.2354,4.0,12.7279,4.0,9.69536,4.0,13.0767,4.0]
33 6 [5.0,2.0,16.2788,3.0,9.84886,3.0,8.544,3.0,5.38516,3.0,10.2956,3.0,28.1603,4.0,20.2237,4.0,12.0416,4.0,8.77496,4.0,12.4097,4.0]
33 7 [4.24264,2.0,17.2627,3.0,9.48683,3.0,7.61577,3.0,4.69042,3.0,9.94987,3.0,27.1662,4.0,21.2132,4.0,11.4018,4.0,7.87401,4.0,11.7898,4.0]
33 8 [3.60555,2.0,18.2483,3.0,9.21954,3.0,6.7082,3.0,4.12311,3.0,9.69536,3.0,26.1725,4.0,22.2036,4.0,10.8167,4.0,7.0,4.0,11.225,4.0]
33 9 [3.16228,2.0,19.2354,3.0,9.05539,3.0,5.83095,3.0,3.74166,3.0,9.53939,3.0,25.1794,4.0,23.1948,4.0,10.2956,4.0,6.16441,4.0,10.7238,4.0]
33 10 [3.0,2.0,20.2237,3.0,9.0,3.0,5.0,3.0,3.60555,3.0,9.48683,3.0,24.1868,4.0,9.84886,4.0]
33 11 [3.16228,2.0,21.2132,3.0,9.05539,3.0,4.24264,3.0,3.74166,3.0,9.53939,3.0,25.1794,4.0,4.69042,4.0,9.94987,4.0]
33 12 [3.60555,2.0,22.2036,3.0,9.21954,3.0,4.12311,3.0,9.69536,3.0,26.1725,4.0]
33 13 [9.48683,3.0]
33 14 [5.38516,3.0,10.2956,3.0]
34 1 [9.84886,2.0,12.0416,3.0,13.6015,3.0,10.0499,3.0,13.3417,3.0,33.2415,4.0,15.2643,4.0,13.7477,4.0,16.3095,4.0]
34 2 [8.94427,2.0,12.6491,3.0,11.3137,3.0,12.6491,3.0,9.16515,3.0,12.6886,3.0,32.249,4.0,16.4924,4.0,14.4222,4.0,12.8062,4.0,15.5242,4.0]
34 3 [8.06226,2.0,13.6015,3.0,10.6301,3.0,11.7047,3.0,8.30662,3.0,12.083,3.0,31.257,4.0,17.4642,4.0,13.6015,4.0,11.8743,4.0,14.7648,4.0]
34 4 [7.2111,2.0,14.5602,3.0,10.0,3.0,10.7703,3.0,7.48331,3.0,11.5326,3.0,30.2655,4.0,18.4391,4.0,12.8062,4.0,10.9545,4.0,14.0357,4.0]
34 5 [6.40312,2.0,15.5242,3.0,9.43398,3.0,9.84886,3.0,6.7082,3.0,11.0454,3.0,29.2746,4.0,19.4165,4.0,12.0416,4.0,10.0499,4.0,13.3417,4.0]
34 6 [5.65685,2.0,16.4924,3.0,8.94427,3.0,8.94427,3.0,6.0,3.0,10.6301,3.0,28.2843,4.0,20.3961,4.0,11.3137,4.0,9.16515,4.0,12.6886,4.0]
34 7 [5.0,2.0,17.4642,3.0,8.544,3.0,8.06226,3.0,5.38516,3.0,10.2956,3.0,27.2947,4.0,21.3776,4.0,10.6301,4.0,8.30662,4.0,12.083,4.0]
34 8 [4.47214,2.0,18.4391,3.0,8.24621,3.0,7.2111,3.0,4.89898,3.0,10.0499,3.0,26.3059,4.0,22.3607,4.0,10.0,4.0,7.48331,4.0,11.5326,4.0]
34 9 [4.12311,2.0,19.4165,3.0,8.06226,3.0,6.40312,3.0,4.58258,3.0,9.89949,3.0,25.318,4.0,23.3452,4.0,9.43398,4.0,6.7082,4.0,11.0454,4.0]
34 10 [4.0,2.0,20.3961,3.0,8.0,3.0,5.65685,3.0,4.47214,3.0,9.84886,3.0,24.3311,4.0,8.94427,4.0]
34 11 [4.12311,2.0,21.3776,3.0,8.06226,3.0,5.0,3.0,4.58258,3.0,9.89949,3.0,25.318,4.0,8.544,4.0,5.38516,4.0,10.2956,4.0]
34 12 [4.47214,2.0,22.3607,3.0,8.24621,3.0,4.89898,3.0,10.0499,3.0,26.3059,4.0]
34 14 [6.0,3.0,10.6301,3.0]
35 1 [10.2956,2.0,11.4018,3.0,13.9284,3.0,10.4881,3.0,13.6748,3.0,33.3766,4.0,14.7648,4.0,14.0712,4.0,16.5831,4.0]
35 2 [9.43398,2.0,13.0,3.0,10.6301,3.0,13.0,3.0,9.64365,3.0,13.0384,3.0,32.3883,4.0,16.7631,4.0,13.8924,4.0,13.1529,4.0,15.8114,4.0]
35 3 [8.60233,2.0,13.9284,3.0,9.89949,3.0,12.083,3.0,8.83176,3.0,12.4499,3.0,31.4006,4.0,17.72,4.0,13.0384,4.0,12.2474,4.0,15.0665,4.0]
35 4 [7.81025,2.0,14.8661,3.0,9.21954,3.0,11.1803,3.0,8.06226,3.0,11.9164,3.0,30.4138,4.0,18.6815,4.0,12.2066,4.0,11.3578,4.0,14.3527,4.0]
35 5 [7.07107,2.0,15.8114,3.0,8.60233,3.0,10.2956,3.0,7.34847,3.0,11.4455,3.0,29.4279,4.0,19.6469,4.0,11.4018,4.0,10.4881,4.0,13.6748,4.0]
35 6 [6.40312,2.0,16.7631,3.0,8.06226,3.0,9.43398,3.0,6.7082,3.0,11.0454,3.0,28.4429,4.0,20.6155,4.0,10.6301,4.0,9.64365,4.0,13.0384,4.0]
35 7 [5.83095,2.0,17.72,3.0,7.61577,3.0,8.60233,3.0,6.16441,3.0,10.7238,3.0,27.4591,4.0,21.587,4.0,9.89949,4.0,8.83176,4.0,12.4499,4.0]
35 8 [5.38516,2.0,18.6815,3.0,7.28011,3.0,7.81025,3.0,5.74456,3.0,10.4881,3.0,26.4764,4.0,22.561,4.0,9.21954,4.0,8.06226,4.0,11.9164,4.0]
35 9 [5.09902,2.0,19.6469,3.0,7.07107,3.0,7.07107,3.0,5.47723,3.0,10.3441,3.0,25.4951,4.0,23.5372,4.0,8.60233,4.0,7.34847,4.0,11.4455,4.0]
35 10 [5.0,2.0,20.6155,3.0,7.0,3.0,6.40312,3.0,5.38516,3.0,10.2956,3.0,24.5153,4.0,8.06226,4.0]
35 11 [5.09902,2.0,21.587,3.0,7.07107,3.0,5.83095,3.0,5.47723,3.0,10.3441,3.0,25.4951,4.0,7.61577,4.0,6.16441,4.0,10.7238,4.0]
35 12 [5.38516,2.0,22.561,3.0,7.28011,3.0,5.74456,3.0,10.4881,3.0,26.4764,4.0]
35 14 [6.7082,3.0,11.0454,3.0]
36 1 [10.8167,2.0,14.3178,3.0,11.0,3.0,14.0712,3.0,33.541,4.0,14.4568,4.0,16.9115,4.0]
36 2 [10.0,2.0,13.4164,3.0,13.4164,3.0,10.198,3.0,13.4536,3.0,32.5576,4.0,17.088,4.0,13.5647,4.0,16.1555,4.0]
36 3 [9.21954,2.0,14.3178,3.0,12.53,3.0,9.43398,3.0,12.8841,3.0,31.5753,4.0,18.0278,4.0,12.6886,4.0,15.4272,4.0]
36 4 [8.48528,2.0,15.2315,3.0,11.6619,3.0,8.7178,3.0,12.3693,3.0,30.5941,4.0,18.9737,4.0,11.8322,4.0,14.7309,4.0]
36 5 [7.81025,2.0,16.1555,3.0,10.8167,3.0,8.06226,3.0,11.9164,3.0,29.6142,4.0,19.9249,4.0,11.0,4.0,14.0712,4.0]
36 6 [7.2111,2.0,17.088,3.0,10.0,3.0,7.48331,3.0,11.5326,3.0,28.6356,4.0,20.8806,4.0,10.198,4.0,13.4536,4.0]
36 7 [6.7082,2.0,18.0278,3.0,9.21954,3.0,7.0,3.0,11.225,3.0,27.6586,4.0,21.8403,4.0,9.43398,4.0,12.8841,4.0]
36 8 [6.32456,2.0,18.9737,3.0,8.48528,3.0,6.63325,3.0,11.0,3.0,26.6833,4.0,22.8035,4.0,8.7178,4.0,12.3693,4.0]
36 9 [6.08276,2.0,19.9249,3.0,7.81025,3.0,6.40312,3.0,10.8628,3.0,25.7099,4.0,23.7697,4.0,8.06226,4.0,11.9164,4.0]
36 10 [6.0,2.0,20.8806,3.0,7.2111,3.0,6.32456,3.0,10.8167,3.0,24.7386,4.0]
36 11 [6.08276,2.0,21.8403,3.0,6.7082,3.0,6.40312,3.0,10.8628,3.0,25.7099,4.0,7.0,4.0,11.225,4.0]
36 12 [6.32456,2.0,22.8035,3.0,6.63325,3.0,11.0,3.0,26.6833,4.0]
36 14 [7.48331,3.0,11.5326,3.0]
