0.0,0.0,0.0,0.0,0.0,300.0,24.431940732167206,148.9186666665565,300.0,24.431940732167206,148.9186666665565,0.0
24.431940732167206,148.9186666665565,0.0,24.431940732167206,148.9186666665565,300.0,174.78234523675007,117.80133333361155,300.0,174.78234523675007,117.80133333361155,0.0
174.78234523675007,117.80133333361155,0.0,174.78234523675007,117.80133333361155,300.0,137.82120412923808,-37.78533333269252,300.0,137.82120412923808,-37.78533333269252,0.0
137.82120412923808,-37.78533333269252,0.0,137.82120412923808,-37.78533333269252,300.0,0.0,0.0,300.0,0.0,0.0,0.0
149.4044498763158 83.38333999999796 166.17478457887796 79.0269133337489 151.15853792889078 21.34871333328713 149.27915787243325 14.025026667106982 140.42727780705695 -21.026426666012792 123.64441390441813 -16.79224666627969 132.5088231698711 18.292546667229697 134.30676342382722 25.382853333841144 149.4044498763158 83.38333999999796 
112.6437759749268 98.51970000000136 129.8150450892899 94.28552000026826 113.92801901327613 30.194926666554046 112.24910616294164 23.08239333380584 105.28287075428375 -4.267519999333065 88.10533703965976 0.06667999998957914 94.99013264581625 27.18321333355978 96.71916229779278 34.073480000202494 112.6437759749268 98.51970000000136 
74.30442282604228 98.46413333347498 91.2814893349884 93.807646666878 76.21512588335915 39.241180000579355 74.46730243104507 32.36202666661019 65.58409936480942 -2.567179999993622 48.51932845354616 1.7447933339819126 57.483971322283196 36.796246667101684 59.087708970377186 43.46424666684925 74.30442282604228 98.46413333347498 
36.37853328992561 112.06685333371809 53.46209800197156 107.77710666666897 38.477174352843726 48.37633999994135 36.89223050553242 41.70834000019378 28.823425463420428 9.868640000037013 11.746125352080506 14.147273333622934 36.37853328992561 112.06685333371809 
130.4039175071372 111.16667333346395 122.37896466640636 113.46713333349923 124.56531013208676 121.07976666656411 132.59026297237247 118.79041999999203 130.4039175071372 111.16667333346395 
134.30676342382722 25.382853333841144 124.38990132700731 27.738880000402826 113.92801901327613 30.194926666554046 112.24910616294164 23.08239333380584 122.67340087555257 20.62634666686497 132.5088231698711 18.292546667229697 134.30676342382722 25.382853333841144 
96.71916229779278 34.073480000202494 86.01296057700254 36.75179333324887 76.21512588335915 39.241180000579355 74.46730243104507 32.36202666661019 84.32778312640716 29.861526666606153 94.99013264581625 27.18321333355978 96.71916229779278 34.073480000202494 
59.087708970377186 43.46424666684925 48.82002926250814 45.92029333379012 38.477174352843726 48.37633999994135 36.89223050553242 41.70834000019378 47.19749781407659 39.263406666716115 57.483971322283196 36.796246667101684 59.087708970377186 43.46424666684925 
184.90593913995392 14.758506666992352 162.97357388295086 18.959346667125487 151.15853792889078 21.34871333328713 149.27915787243325 14.025026667106982 161.2821318320946 11.613433333229276 166.4378977867197 10.579893333785625 190.32481830242077 5.790046667209481 191.97240815145076 3.656286666753298 196.99661750193243 7.645973333454492 195.93790007030458 9.390766666646755 216.8992522984421 22.28223333393089 212.4513861652859 28.41679333376182 191.60279674050915 15.503100000340927 189.74221048483435 18.092506667260956 184.90593913995392 14.758506666992352 
